50A000	"xV@"**8*
50A001	"xV@"**8*1+
50A002	"xV@"**8*2+
50A003	"xV@"**8*3+
50A004	"xV@"**8*4+
50A005	"zzG"**5+5*
50A006	"|jC"**7-6*
50A007	"xV@"**8*7+
50A008	"xV@"**1+8*
50A009	"xV@"**8*9+
50A00A	"zzG"**6+5*
50A00B	"@O1'#"***\-
50A00C	"~v[R"**+6*
50A00D	">O1'#"***\-
50A00E	"=O1'#"***\-
50A00F	"zzG"**7+5*
50A010	"xV@"**2+8*
50A011	":O1'#"***\-
50A012	"|jC"**5-6*
50A013	"i[O"**8-7*
50A014	"zzG"**8+5*
50A015	"6O1'#"***\-
50A016	"5O1'#"***\-
50A017	"SS;'"***3/
50A018	"|jC"**4-6*
50A019	"zzG"**9+5*
50A01A	"i[O"**7-7*
50A01B	"0O1'#"***\-
50A01C	"/O1'#"***\-
50A01D	".O1'#"***\-
50A01E	"rgZ"**6-5*
50A01F	",O1'#"***\-
50A020	"xV@"**4+8*
50A021	"i[O"**6-7*
50A022	")O1'#"***\-
50A023	"rgZ"**5-5*
50A024	"|jC"**2-6*
50A025	"&O1'#"***\-
50A026	"%O1'#"***\-
50A027	"|jC"**6*9-
50A028	"qF~)"+**4*
50A029	"a=9/"***3/
50A02A	"|jC"**1-6*
50A02B	"|jC"**6*5-
50A02C	"|jC"**6*4-
50A02D	"rgZ"**3-5*
50A02E	"|jC"**6*2-
50A02F	"i[O"**4-7*
50A030	"|jC"**6*
50A031	"|jC"**6*1+
50A032	"rgZ"**2-5*
50A033	"rg2"**1-9*
50A034	"|jC"**6*4+
50A035	"|jC"**6*5+
50A036	"|jC"**1+6*
50A037	"rgZ"**1-5*
50A038	"xV@"**7+8*
50A039	"|jC"**6*9+
50A03A	"rgZ"**5*2-
50A03B	"rgZ"**5*1-
50A03C	"rgZ"**5*
50A03D	"i[O"**2-7*
50A03E	"rgZ"**5*2+
50A03F	"rgZ"**5*3+
50A040	"xV@"**8+8*
50A041	"rgZ"**1+5*
50A042	"|jC"**3+6*
50A043	"O1'#"***8-
50A044	"i[O"**1-7*
50A045	"rg2"**1+9*
50A046	"rgZ"**2+5*
50A047	"O1'#"***4-
50A048	"|jC"**4+6*
50A049	"O1'#"***2-
50A04A	"O1'#"***1-
50A04B	"i[O"**7*
50A04C	"O1'#"***1+
50A04D	"O1'#"***2+
50A04E	"|jC"**5+6*
50A04F	"O1'#"***4+
50A050	"rgZ"**4+5*
50A051	"O1'#"***6+
50A052	"i[O"**1+7*
50A053	"O1'#"***8+
50A054	"|jC"**6+6*
50A055	"rgZ"**5+5*
50A056	"4//."***2-
50A057	"rg2"**3+9*
50A058	"4//."***
50A059	"i[O"**2+7*
50A05A	"rgZ"**6+5*
50A05B	"4//."***3+
50A05C	"4//."***4+
50A05D	"4//."***5+
50A05E	"4//."***6+
50A05F	"rgZ"**7+5*
50A060	"|jC"**8+6*
50A061	"4//."***9+
50A062	"^I:' "***\-
50A063	"]I:' "***\-
50A064	"rgZ"**8+5*
50A065	"[I:' "***\-
50A066	"|jC"**9+6*
50A067	"i[O"**4+7*
50A068	"j]C"**7+8*
50A069	"rgZ"**9+5*
50A06A	"VI:' "***\-
50A06B	"UI:' "***\-
50A06C	"rgK"**8+6*
50A06D	"SI:' "***\-
50A06E	"i[O"**5+7*
50A06F	"QI:' "***\-
50A070	"j]C"**8+8*
50A071	"OI:' "***\-
50A072	"uu~C"+**2*
50A073	"0wkS"**\-5*
50A074	"Yyjg"**\-4*
50A075	"{w~~m"++**
50A076	"JI:' "***\-
50A077	"II:' "***\-
50A078	"j]C"**9+8*
50A079	"GI:' "***\-
50A07A	"FI:' "***\-
50A07B	"rg2"**7+9*
50A07C	"i[O"**7+7*
50A07D	".wkS"**\-5*
50A07E	";meP"**\-6*
50A07F	"AI:' "***\-
50A080	"tNI"**8-8*
50A081	"?I:' "***\-
50A082	"-wkS"**\-5*
50A083	"i[O"**8+7*
50A084	"rg2"**8+9*
50A085	"k];"**9*8-
50A086	"k];"**9*7-
50A087	"k];"**9*6-
50A088	"tNI"**7-8*
50A089	"k];"**9*4-
50A08A	"thI"**9-6*
50A08B	"k];"**9*2-
50A08C	"k];"**9*1-
50A08D	"k];"**9*
50A08E	"k];"**9*1+
50A08F	"k];"**9*2+
50A090	"thI"**8-6*
50A091	"k];"**9*4+
50A092	"k];"**9*5+
50A093	"k];"**9*6+
50A094	"k];"**9*7+
50A095	"k];"**9*8+
50A096	"thI"**7-6*
50A097	")I:' "***\-
50A098	"tNI"**5-8*
50A099	"qm'!"***3/
50A09A	"&I:' "***\-
50A09B	"(wkS"**\-5*
50A09C	"thI"**6-6*
50A09D	"#I:' "***\-
50A09E	"F4//."***+
50A09F	"k];"**2+9*
50A0A0	"tNI"**4-8*
50A0A1	"|K=#!"***\-
50A0A2	"thI"**5-6*
50A0A3	"zK=#!"***\-
50A0A4	"yK=#!"***\-
50A0A5	"xK=#!"***\-
50A0A6	"wK=#!"***\-
50A0A7	"vK=#!"***\-
50A0A8	"thI"**4-6*
50A0A9	"tK=#!"***\-
50A0AA	"sK=#!"***\-
50A0AB	"rK=#!"***\-
50A0AC	"qK=#!"***\-
50A0AD	"pK=#!"***\-
50A0AE	"thI"**3-6*
50A0AF	"nK=#!"***\-
50A0B0	"~a\J"**+8*
50A0B1	"e~y/"*+*9*
50A0B2	"kK=#!"***\-
50A0B3	"jK=#!"***\-
50A0B4	"thI"**2-6*
50A0B5	"hK=#!"***\-
50A0B6	"gK=#!"***\-
50A0B7	"thI"**6*9-
50A0B8	"tNI"**1-8*
50A0B9	"thI"**6*7-
50A0BA	"thI"**1-6*
50A0BB	"thI"**6*5-
50A0BC	"thI"**6*4-
50A0BD	"thI"**6*3-
50A0BE	"thI"**6*2-
50A0BF	"thI"**6*1-
50A0C0	"thI"**6*
50A0C1	"thI"**6*1+
50A0C2	"thI"**6*2+
50A0C3	"k];"**6+9*
50A0C4	"thI"**6*4+
50A0C5	"thI"**6*5+
50A0C6	"~ggS"**+6*
50A0C7	"thI"**6*7+
50A0C8	"tNI"**1+8*
50A0C9	"thI"**6*9+
50A0CA	"SK=#!"***\-
50A0CB	"RK=#!"***\-
50A0CC	"o~z@"*+*6*
50A0CD	"PK=#!"***\-
50A0CE	"OK=#!"***\-
50A0CF	"NK=#!"***\-
50A0D0	"tNI"**2+8*
50A0D1	"LK=#!"***\-
50A0D2	"thI"**3+6*
50A0D3	"JK=#!"***\-
50A0D4	"IK=#!"***\-
50A0D5	"k];"**8+9*
50A0D6	"GK=#!"***\-
50A0D7	"eeJ"**9-7*
50A0D8	"thI"**4+6*
50A0D9	"DK=#!"***\-
50A0DA	"CK=#!"***\-
50A0DB	"BK=#!"***\-
50A0DC	"AK=#!"***\-
50A0DD	"@K=#!"***\-
50A0DE	"thI"**5+6*
50A0DF	">K=#!"***\-
50A0E0	"tNI"**4+8*
50A0E1	"<K=#!"***\-
50A0E2	";K=#!"***\-
50A0E3	":K=#!"***\-
50A0E4	"thI"**6+6*
50A0E5	"eeJ"**7-7*
50A0E6	"7K=#!"***\-
50A0E7	"}M="**6-9*
50A0E8	"tNI"**5+8*
50A0E9	"4K=#!"***\-
50A0EA	"thI"**7+6*
50A0EB	"a~yY"*+*5*
50A0EC	"eeJ"**6-7*
50A0ED	"0K=#!"***\-
50A0EE	"/K=#!"***\-
50A0EF	".K=#!"***\-
50A0F0	"{x~~j"++**
50A0F1	",K=#!"***\-
50A0F2	"+K=#!"***\-
50A0F3	"eeJ"**5-7*
50A0F4	")K=#!"***\-
50A0F5	"(K=#!"***\-
50A0F6	"thI"**9+6*
50A0F7	"&K=#!"***\-
50A0F8	"tNI"**7+8*
50A0F9	"EC^!"+**9*
50A0FA	"_:h!"+**7*
50A0FB	"C;;.!"***\-
50A0FC	"!K=#!"***\-
50A0FD	" K=#!"***\-
50A0FE	"@;;.!"***\-
50A0FF	"~{yG"**+5*
50A100	"tNI"**8+8*
50A101	"eeJ"**3-7*
50A102	"}M="**3-9*
50A103	";;;.!"***\-
50A104	"j~k\"*+*5*
50A105	"9;;.!"***\-
50A106	"8;;.!"***\-
50A107	"7;;.!"***\-
50A108	"G~gf"*+*7*
50A109	"5;;.!"***\-
50A10A	"qg~e"+**2*
50A10B	"}M="**2-9*
50A10C	"2;;.!"***\-
50A10D	"eeJ"**7*9-
50A10E	"f~sY"*+*5*
50A10F	"eeJ"**1-7*
50A110	"\S~/"+**4*
50A111	"eeJ"**7*5-
50A112	"eeJ"**7*4-
50A113	"eeJ"**7*3-
50A114	"^~uO"*+*6*
50A115	"K=#!"***8-
50A116	"eeJ"**7*
50A117	"K=#!"***6-
50A118	"K=#!"***5-
50A119	"K=#!"***4-
50A11A	"K=#!"***3-
50A11B	"K=#!"***2-
50A11C	"K=#!"***1-
50A11D	"}c="**7*
50A11E	"K=#!"***1+
50A11F	"K=#!"***2+
50A120	"r~m4"*+*8*
50A121	"K=#!"***4+
50A122	"K=#!"***5+
50A123	"K=#!"***6+
50A124	"eeJ"**2+7*
50A125	"K=#!"***8+
50A126	"}M="**1+9*
50A127	"gI:' "***+
50A128	"hI:' "***+
50A129	"iI:' "***+
50A12A	"jI:' "***+
50A12B	"eeJ"**3+7*
50A12C	"lI:' "***+
50A12D	"mI:' "***+
50A12E	"nI:' "***+
50A12F	"}M="**2+9*
50A130	"pI:' "***+
50A131	"qI:' "***+
50A132	"eeJ"**4+7*
50A133	"sI:' "***+
50A134	"tI:' "***+
50A135	";;.!"***9-
50A136	"wkS"**9-5*
50A137	";;.!"***7-
50A138	"}M="**3+9*
50A139	"eeJ"**5+7*
50A13A	";;.!"***4-
50A13B	"wkS"**8-5*
50A13C	";;.!"***2-
50A13D	";;.!"***1-
50A13E	";;.!"***
50A13F	";;.!"***1+
50A140	"p~b_"*+*5*
50A141	"}M="**4+9*
50A142	";;.!"***4+
50A143	";;.!"***5+
50A144	";;.!"***6+
50A145	"wkS"**6-5*
50A146	";;.!"***8+
50A147	"eeJ"**7+7*
50A148	"+K=#!"***+
50A149	",K=#!"***+
50A14A	"wkS"**5-5*
50A14B	".K=#!"***+
50A14C	"/K=#!"***+
50A14D	"0K=#!"***+
50A14E	"eeJ"**8+7*
50A14F	"GA~g"+**5*
50A150	"3K=#!"***+
50A151	"4K=#!"***+
50A152	"5K=#!"***+
50A153	"}M="**6+9*
50A154	"wkS"**3-5*
50A155	"eeJ"**9+7*
50A156	"9K=#!"***+
50A157	":K=#!"***+
50A158	";K=#!"***+
50A159	"wkS"**2-5*
50A15A	"=K=#!"***+
50A15B	">K=#!"***+
50A15C	"}c="**9+7*
50A15D	"@K=#!"***+
50A15E	"wkS"**1-5*
50A15F	"!;;.!"***+
50A160	"J~nP"*+*8*
50A161	"#;;.!"***+
50A162	"$;;.!"***+
50A163	"wkS"**5*
50A164	"&;;.!"***+
50A165	"}M="**8+9*
50A166	"(;;.!"***+
50A167	");;.!"***+
50A168	"wkS"**1+5*
50A169	"+;;.!"***+
50A16A	"kUS"**1+7*
50A16B	"-;;.!"***+
50A16C	".;;.!"***+
50A16D	"wkS"**2+5*
50A16E	"jW~A"+**3*
50A16F	"1;;.!"***+
50A170	"2;;.!"***+
50A171	"kUS"**2+7*
50A172	"wkS"**3+5*
50A173	"5;;.!"***+
50A174	"6;;.!"***+
50A175	"7;;.!"***+
50A176	"8;;.!"***+
50A177	"wkS"**4+5*
50A178	"kUS"**3+7*
50A179	";;;.!"***+
50A17A	"<;;.!"***+
50A17B	"=;;.!"***+
50A17C	"wkS"**5+5*
50A17D	"?;;.!"***+
50A17E	"@;;.!"***+
50A17F	"kUS"**4+7*
50A180	"lXj!"+**4*
50A181	"wkS"**6+5*
50A182	"D;;.!"***+
50A183	"E;;.!"***+
50A184	"F;;.!"***+
50A185	"G;;.!"***+
50A186	"wkS"**7+5*
50A187	"}b+&!"***\-
50A188	"|b+&!"***\-
50A189	"{b+&!"***\-
50A18A	"zb+&!"***\-
50A18B	"wkS"**8+5*
50A18C	"xb+&!"***\-
50A18D	"kUS"**6+7*
50A18E	"vb+&!"***\-
50A18F	"ub+&!"***\-
50A190	"wkS"**9+5*
50A191	"sb+&!"***\-
50A192	"rb+&!"***\-
50A193	"qb+&!"***\-
50A194	"kUS"**7+7*
50A195	"ob+&!"***\-
50A196	"nb+&!"***\-
50A197	"mb+&!"***\-
50A198	"yg5"**8-8*
50A199	"kb+&!"***\-
50A19A	"s~gX"*+*5*
50A19B	"kUS"**8+7*
50A19C	"hb+&!"***\-
50A19D	"gb+&!"***\-
50A19E	"fb+&!"***\-
50A19F	"eb+&!"***\-
50A1A0	"yg5"**7-8*
50A1A1	"cb+&!"***\-
50A1A2	"kUS"**9+7*
50A1A3	"ab+&!"***\-
50A1A4	"`b+&!"***\-
50A1A5	"_b+&!"***\-
50A1A6	"^b+&!"***\-
50A1A7	"]b+&!"***\-
50A1A8	"yg5"**6-8*
50A1A9	"[b+&!"***\-
50A1AA	"meP"**9-6*
50A1AB	"Yb+&!"***\-
50A1AC	"Xb+&!"***\-
50A1AD	"Wb+&!"***\-
50A1AE	"Vb+&!"***\-
50A1AF	"Ub+&!"***\-
50A1B0	"meP"**8-6*
50A1B1	"Sb+&!"***\-
50A1B2	"Rb+&!"***\-
50A1B3	"me`"**9-5*
50A1B4	"yjg"**9-4*
50A1B5	"Ob+&!"***\-
50A1B6	"SQb!"+**6*
50A1B7	"Mb+&!"***\-
50A1B8	"yjg"**8-4*
50A1B9	"Kb+&!"***\-
50A1BA	"Jb+&!"***\-
50A1BB	"Ib+&!"***\-
50A1BC	"yjg"**7-4*
50A1BD	"me`"**7-5*
50A1BE	"Fb+&!"***\-
50A1BF	"Eb+&!"***\-
50A1C0	"yjg"**6-4*
50A1C1	"Cb+&!"***\-
50A1C2	"nC~q"+**3*
50A1C3	"Ab+&!"***\-
50A1C4	"yjg"**5-4*
50A1C5	"rVM"**9-7*
50A1C6	">b+&!"***\-
50A1C7	"me`"**5-5*
50A1C8	"yjg"**4-4*
50A1C9	";b+&!"***\-
50A1CA	":b+&!"***\-
50A1CB	"9b+&!"***\-
50A1CC	"yjg"**3-4*
50A1CD	"7b+&!"***\-
50A1CE	"meP"**3-6*
50A1CF	"yjg"**4*9-
50A1D0	"yjg"**2-4*
50A1D1	"me`"**3-5*
50A1D2	"yjg"**4*6-
50A1D3	"rVM"**7-7*
50A1D4	"yjg"**1-4*
50A1D5	"yjg"**4*3-
50A1D6	"me`"**2-5*
50A1D7	"yjg"**4*1-
50A1D8	"yjg"**4*
50A1D9	"yjg"**4*1+
50A1DA	"w~aK"*+*6*
50A1DB	"me`"**1-5*
50A1DC	"yjg"**1+4*
50A1DD	"yjg"**4*5+
50A1DE	"yjg"**4*6+
50A1DF	"yjg"**4*7+
50A1E0	"xme"**4*
50A1E1	"rVM"**5-7*
50A1E2	"xme"**4*2+
50A1E3	"xme"**4*3+
50A1E4	"yjg"**3+4*
50A1E5	"me`"**1+5*
50A1E6	"meP"**1+6*
50A1E7	"xme"**4*7+
50A1E8	"yjg"**4+4*
50A1E9	"xme"**4*9+
50A1EA	"me`"**2+5*
50A1EB	"xme"**4*2+9+
50A1EC	"yjg"**5+4*
50A1ED	"yjg"**3+4*9+
50A1EE	"xm~L"+**7+2*
50A1EF	"me`"**3+5*
50A1F0	"yjg"**6+4*
50A1F1	"yjg"**4+4*9+
50A1F2	"meP"**3+6*
50A1F3	"me`"**2+5*9+
50A1F4	"yjg"**7+4*
50A1F5	")so."**\-9*
50A1F6	"rVM"**2-7*
50A1F7	"me`"**3+5*8+
50A1F8	"yjg"**8+4*
50A1F9	"me`"**5+5*
50A1FA	"meP"**3+6*8+
50A1FB	"b+&!"***9-
50A1FC	"yjg"**9+4*
50A1FD	"rVM"**1-7*
50A1FE	"me`"**6+5*
50A1FF	"b+&!"***5-
50A200	"xme"**8+4*
50A201	"b+&!"***3-
50A202	"b+&!"***2-
50A203	"me`"**7+5*
50A204	"rVM"**7*
50A205	"b+&!"***1+
50A206	"b+&!"***2+
50A207	"b+&!"***3+
50A208	"me`"**8+5*
50A209	"b+&!"***5+
50A20A	"meP"**7+6*
50A20B	"rVM"**1+7*
50A20C	"b+&!"***8+
50A20D	"s533"***3/
50A20E	"}_Y"**5*9-
50A20F	"}_Y"**5*8-
50A210	"meP"**8+6*
50A211	"}_Y"**5*6-
50A212	"}_Y"**1-5*
50A213	"}_Y"**5*4-
50A214	"}_Y"**5*3-
50A215	"}_Y"**5*2-
50A216	"meP"**9+6*
50A217	"}_Y"**5*
50A218	"yg5"**8+8*
50A219	"o~YK"*+*7*
50A21A	"}_Y"**5*3+
50A21B	"}_Y"**5*4+
50A21C	"}_Y"**1+5*
50A21D	"}_Y"**5*6+
50A21E	"}_Y"**5*7+
50A21F	"}_Y"**5*8+
50A220	"|~p^"*+*4*
50A221	"}_Y"**2+5*
50A222	"~jNG"**+9*
50A223	"}_Y"**5*3+9+
50A224	" b+&!"***+
50A225	"!b+&!"***+
50A226	"}_Y"**3+5*
50A227	"rVM"**5+7*
50A228	"me<"**9+8*
50A229	"%b+&!"***+
50A22A	"&b+&!"***+
50A22B	"}_Y"**4+5*
50A22C	"(b+&!"***+
50A22D	")b+&!"***+
50A22E	"^~]U"*+*7*
50A22F	"+b+&!"***+
50A230	"}_Y"**5+5*
50A231	"-b+&!"***+
50A232	".b+&!"***+
50A233	"/b+&!"***+
50A234	"0b+&!"***+
50A235	"}_Y"**6+5*
50A236	"2b+&!"***+
50A237	"3b+&!"***+
50A238	"4b+&!"***+
50A239	"5b+&!"***+
50A23A	"}_Y"**7+5*
50A23B	"7b+&!"***+
50A23C	"rVM"**8+7*
50A23D	"9b+&!"***+
50A23E	":b+&!"***+
50A23F	"}_Y"**8+5*
50A240	"f~yj"*+*4*
50A241	"=b+&!"***+
50A242	">b+&!"***+
50A243	"rVM"**9+7*
50A244	"}_Y"**9+5*
50A245	"Ab+&!"***+
50A246	"Bb+&!"***+
50A247	"Cb+&!"***+
50A248	"Db+&!"***+
50A249	"Eb+&!"***+
50A24A	"Fb+&!"***+
50A24B	"Gb+&!"***+
50A24C	"Hb+&!"***+
50A24D	"Ib+&!"***+
50A24E	"Jb+&!"***+
50A24F	"Kb+&!"***+
50A250	"Lb+&!"***+
50A251	"yw~~s"++**
50A252	"Nb+&!"***+
50A253	"Ob+&!"***+
50A254	"Pb+&!"***+
50A255	"Qb+&!"***+
50A256	"Rb+&!"***+
50A257	"Sb+&!"***+
50A258	"~Z~k"+**2*
50A259	"Ub+&!"***+
50A25A	"Vb+&!"***+
50A25B	"Wb+&!"***+
50A25C	"Xb+&!"***+
50A25D	"q/~I"+**5*
50A25E	"Zb+&!"***+
50A25F	"[b+&!"***+
50A260	"\b+&!"***+
50A261	"]b+&!"***+
50A262	"^b+&!"***+
50A263	"_b+&!"***+
50A264	"`b+&!"***+
50A265	"ab+&!"***+
50A266	"bb+&!"***+
50A267	"cb+&!"***+
50A268	"~mSI"**+8*
50A269	"eb+&!"***+
50A26A	"fb+&!"***+
50A26B	"gb+&!"***+
50A26C	"hb+&!"***+
50A26D	"ib+&!"***+
50A26E	"jb+&!"***+
50A26F	"kb+&!"***+
50A270	"Y~r@"*+*8*
50A271	"mb+&!"***+
50A272	"nb+&!"***+
50A273	"ob+&!"***+
50A274	"O~sR"*+*7*
50A275	"qb+&!"***+
50A276	"rI^!"+**5*
50A277	"sb+&!"***+
50A278	"tb+&!"***+
50A279	"ub+&!"***+
50A27A	"vb+&!"***+
50A27B	"wb+&!"***+
50A27C	"xb+&!"***+
50A27D	"yb+&!"***+
50A27E	"zb+&!"***+
50A27F	"{b+&!"***+
50A280	"s~j5"*+*8*
50A281	"}b+&!"***+
50A282	"~xUJ"**+7*
50A283	"vb+&!"***+9+
50A284	"s~kb"**\-4*
50A285	"Dse["**\-5*
50A286	"yb+&!"***+9+
50A287	"zb+&!"***+9+
50A288	"w[="**8-8*
50A289	"zw4"**9-7*
50A28A	"Cse["**\-5*
50A28B	"~xUJ"**+7*9+
50A28C	"q~kb"**\-4*
50A28D	"w[="**8-8*5+
50A28E	"$soE"**\-6*
50A28F	"Bse["**\-5*
50A290	"zw4"**8-7*
50A291	"w[="**8-8*9+
50A292	"zw4"**9-7*9+
50A293	"zw4"**8-7*3+
50A294	"o~kb"**\-4*
50A295	"n~%%#"**+*9-
50A296	"n~%%#"**+*8-
50A297	"E~ig"*+*7*
50A298	"w[="**6-8*
50A299	"@se["**\-5*
50A29A	"4{]M"**\-6*
50A29B	"n~%%#"**+*3-
50A29C	"m~kb"**\-4*
50A29D	"n~%%#"**+*1-
50A29E	"n~%%#"**+*
50A29F	"n~%%#"**+*1+
50A2A0	"v~r0"*+*8*
50A2A1	"n~%%#"**+*3+
50A2A2	"n~%%#"**+*4+
50A2A3	">se["**\-5*
50A2A4	"k~ye"*+*4*
50A2A5	"zw4"**5-7*
50A2A6	" soE"**\-6*
50A2A7	"n~%%#"**+*9+
50A2A8	"zw["**8-4*
50A2A9	"!{M>"**\-9*
50A2AA	"k~ye"*+*4*6+
50A2AB	"k~ye"*+*4*7+
50A2AC	"zw["**7-4*
50A2AD	"<se["**\-5*
50A2AE	"zw4"**5-7*9+
50A2AF	"S9~K+"*+**3/
50A2B0	"zw["**6-4*
50A2B1	"zw["**8-4*9+
50A2B2	"G~{x"*+*5*
50A2B3	"zw4"**3-7*
50A2B4	"zw["**5-4*
50A2B5	"y:~}"+**7-3*
50A2B6	"zw~8"+**9-2*
50A2B7	":se["**\-5*
50A2B8	"zw["**4-4*
50A2B9	"zw["**6-4*9+
50A2BA	"m~dD"*+*7*
50A2BB	"]>/'"***2/
50A2BC	"zw["**3-4*
50A2BD	"zw["**5-4*9+
50A2BE	".{]M"**\-6*
50A2BF	"zw["**4*9-
50A2C0	"zw["**2-4*
50A2C1	"zw4"**1-7*
50A2C2	"zw["**4*6-
50A2C3	"zw["**4*5-
50A2C4	"zw["**1-4*
50A2C5	"zw["**4*3-
50A2C6	"zw["**4*2-
50A2C7	"zw["**4*1-
50A2C8	"zw["**4*
50A2C9	"zw["**4*1+
50A2CA	"yW~}"+**2*
50A2CB	"zw["**4*3+
50A2CC	"zw["**1+4*
50A2CD	"zw["**4*5+
50A2CE	"zw["**4*6+
50A2CF	"zw4"**1+7*
50A2D0	"xa~e"+**2*
50A2D1	"zw["**4*9+
50A2D2	"zw~8"+**5+2*
50A2D3	"y:~}"+**3+3*
50A2D4	"zw["**3+4*
50A2D5	"4se["**\-5*
50A2D6	"zw4"**2+7*
50A2D7	"zw["**4*6+9+
50A2D8	"zw["**4+4*
50A2D9	"y:~}"+**5+3*
50A2DA	"3se["**\-5*
50A2DB	"zw["**3+4*7+
50A2DC	"zw["**5+4*
50A2DD	"zw4"**3+7*
50A2DE	"xa~e"+**7+2*
50A2DF	"2se["**\-5*
50A2E0	"zw["**6+4*
50A2E1	"zw["**4+4*9+
50A2E2	"({]M"**\-6*
50A2E3	"zw["**5+4*7+
50A2E4	"zw["**7+4*
50A2E5	"y:~}"+**9+3*
50A2E6	"zw4"**3+7*9+
50A2E7	"zw["**6+4*7+
50A2E8	"zw["**8+4*
50A2E9	"}E.-%"***\-
50A2EA	"|E.-%"***\-
50A2EB	"zw4"**5+7*
50A2EC	"zw["**9+4*
50A2ED	"yE.-%"***\-
50A2EE	"xE.-%"***\-
50A2EF	"wE.-%"***\-
50A2F0	"w[="**5+8*
50A2F1	"uE.-%"***\-
50A2F2	"zw4"**6+7*
50A2F3	"sE.-%"***\-
50A2F4	"rE.-%"***\-
50A2F5	"qE.-%"***\-
50A2F6	"pE.-%"***\-
50A2F7	"oE.-%"***\-
50A2F8	"w[="**6+8*
50A2F9	"]G11"***3/
50A2FA	"lE.-%"***\-
50A2FB	"kE.-%"***\-
50A2FC	"jE.-%"***\-
50A2FD	"iE.-%"***\-
50A2FE	"hE.-%"***\-
50A2FF	"gE.-%"***\-
50A300	"p~jI"*+*6*
50A301	"eE.-%"***\-
50A302	"dE.-%"***\-
50A303	"cE.-%"***\-
50A304	"bE.-%"***\-
50A305	"aE.-%"***\-
50A306	"`E.-%"***\-
50A307	"zw4"**9+7*
50A308	"w[="**8+8*
50A309	"]E.-%"***\-
50A30A	"\E.-%"***\-
50A30B	"[E.-%"***\-
50A30C	"nf|!"+**3*
50A30D	"YE.-%"***\-
50A30E	"XE.-%"***\-
50A30F	"ke~%"+**3*
50A310	"w[="**9+8*
50A311	"UE.-%"***\-
50A312	"TE.-%"***\-
50A313	"SE.-%"***\-
50A314	"RE.-%"***\-
50A315	"so."**9-9*
50A316	"vA5'"***3/
50A317	"OE.-%"***\-
50A318	"NE.-%"***\-
50A319	"ME.-%"***\-
50A31A	"LE.-%"***\-
50A31B	"KE.-%"***\-
50A31C	"JE.-%"***\-
50A31D	"IE.-%"***\-
50A31E	"so."**8-9*
50A31F	"GE.-%"***\-
50A320	"FE.-%"***\-
50A321	"EE.-%"***\-
50A322	"DE.-%"***\-
50A323	"CE.-%"***\-
50A324	"~|jC"**+6*
50A325	"AE.-%"***\-
50A326	"@E.-%"***\-
50A327	"so."**7-9*
50A328	">E.-%"***\-
50A329	"=E.-%"***\-
50A32A	"<E.-%"***\-
50A32B	";E.-%"***\-
50A32C	":E.-%"***\-
50A32D	"9E.-%"***\-
50A32E	"8E.-%"***\-
50A32F	"7E.-%"***\-
50A330	"soE"**9-6*
50A331	"a+~7"+**7*
50A332	"4E.-%"***\-
50A333	"3E.-%"***\-
50A334	"2E.-%"***\-
50A335	"1E.-%"***\-
50A336	"soE"**8-6*
50A337	"/E.-%"***\-
50A338	"\~eP"*+*7*
50A339	"so."**5-9*
50A33A	",E.-%"***\-
50A33B	"+E.-%"***\-
50A33C	"soE"**7-6*
50A33D	")E.-%"***\-
50A33E	"(E.-%"***\-
50A33F	"wqb!"+**3*
50A340	"jRL"**8-8*
50A341	"%E.-%"***\-
50A342	"soE"**6-6*
50A343	"#E.-%"***\-
50A344	"C~kb"**\-4*
50A345	"!E.-%"***\-
50A346	"&~k8"**\-7*
50A347	"9j)& "***\-
50A348	"^~mf"*+*5*
50A349	"7j)& "***\-
50A34A	"6j)& "***\-
50A34B	"so."**3-9*
50A34C	"A~kb"**\-4*
50A34D	"GzrL"**\-5*
50A34E	"soE"**4-6*
50A34F	"1j)& "***\-
50A350	"jRL"**6-8*
50A351	"/j)& "***\-
50A352	"FzrL"**\-5*
50A353	"-j)& "***\-
50A354	"soE"**3-6*
50A355	"+j)& "***\-
50A356	"*j)& "***\-
50A357	"EzrL"**\-5*
50A358	"jRL"**5-8*
50A359	"'j)& "***\-
50A35A	"soE"**2-6*
50A35B	"#~k8"**\-7*
50A35C	"=~kb"**\-4*
50A35D	"so."**1-9*
50A35E	"E.-%"***8-
50A35F	"E.-%"***7-
50A360	"soE"**1-6*
50A361	"E.-%"***5-
50A362	"E.-%"***4-
50A363	"E.-%"***3-
50A364	"E.-%"***2-
50A365	"E.-%"***1-
50A366	"soE"**6*
50A367	"E.-%"***1+
50A368	"jRL"**3-8*
50A369	"E.-%"***3+
50A36A	"E.-%"***4+
50A36B	"E.-%"***5+
50A36C	"soE"**1+6*
50A36D	"E.-%"***7+
50A36E	"E.-%"***8+
50A36F	"so."**1+9*
50A370	"jRL"**2-8*
50A371	"a]*)!"***\-
50A372	"soE"**2+6*
50A373	"_]*)!"***\-
50A374	"ge^!"+**4*
50A375	"]]*)!"***\-
50A376	"\]*)!"***\-
50A377	"jRL"**8*9-
50A378	"soE"**3+6*
50A379	"jRL"**8*7-
50A37A	"k~j\"*+*5*
50A37B	"jRL"**8*5-
50A37C	"jRL"**8*4-
50A37D	"jRL"**8*3-
50A37E	"soE"**4+6*
50A37F	"jRL"**8*1-
50A380	"jRL"**8*
50A381	"so."**3+9*
50A382	"jRL"**8*2+
50A383	"jRL"**8*3+
50A384	"soE"**5+6*
50A385	"jRL"**8*5+
50A386	"jRL"**8*6+
50A387	"jRL"**8*7+
50A388	"jRL"**1+8*
50A389	"jRL"**8*9+
50A38A	"soE"**6+6*
50A38B	"G]*)!"***\-
50A38C	"v~p8"*+*7*
50A38D	"E]*)!"***\-
50A38E	"D]*)!"***\-
50A38F	"C]*)!"***\-
50A390	"soE"**7+6*
50A391	"A]*)!"***\-
50A392	"@]*)!"***\-
50A393	"_~cO"*+*7*
50A394	"m>3."***3/
50A395	"=]*)!"***\-
50A396	"soE"**8+6*
50A397	";]*)!"***\-
50A398	"jRL"**3+8*
50A399	"9]*)!"***\-
50A39A	"{c>"**8-7*
50A39B	"7]*)!"***\-
50A39C	"soE"**9+6*
50A39D	"5]*)!"***\-
50A39E	"4]*)!"***\-
50A39F	"3]*)!"***\-
50A3A0	"jRL"**4+8*
50A3A1	"{c>"**7-7*
50A3A2	"{]M"**8-6*
50A3A3	"/]*)!"***\-
50A3A4	".]*)!"***\-
50A3A5	"so."**7+9*
50A3A6	",]*)!"***\-
50A3A7	"qOJ"**8*9-
50A3A8	"S~kb"*+*6*
50A3A9	"qOJ"**8*7-
50A3AA	"qOJ"**8*6-
50A3AB	"qOJ"**8*5-
50A3AC	"se["**9-5*
50A3AD	"qOJ"**8*3-
50A3AE	"{]M"**6-6*
50A3AF	"{c>"**5-7*
50A3B0	"qOJ"**8*
50A3B1	"se["**8-5*
50A3B2	"qOJ"**8*2+
50A3B3	"qOJ"**8*3+
50A3B4	"~thI"**+6*
50A3B5	"qOJ"**8*5+
50A3B6	"se["**7-5*
50A3B7	"so."**9+9*
50A3B8	"jRL"**7+8*
50A3B9	"qOJ"**8*9+
50A3BA	"{]M"**4-6*
50A3BB	"se["**6-5*
50A3BC	"zy~~j"++**
50A3BD	"~i[O"**+7*
50A3BE	"aM5%#"***\-
50A3BF	"`M5%#"***\-
50A3C0	"xx~~s"++**
50A3C1	"^M5%#"***\-
50A3C2	"]M5%#"***\-
50A3C3	"\M5%#"***\-
50A3C4	"{c>"**2-7*
50A3C5	"se["**4-5*
50A3C6	"{]M"**2-6*
50A3C7	"XM5%#"***\-
50A3C8	"jRL"**9+8*
50A3C9	"{M>"**1-9*
50A3CA	"se["**3-5*
50A3CB	"{c>"**1-7*
50A3CC	"{]M"**1-6*
50A3CD	"]*)!"***5-
50A3CE	"]*)!"***4-
50A3CF	"se["**2-5*
50A3D0	"~yjg"**+4*
50A3D1	"]*)!"***1-
50A3D2	"{]M"**6*
50A3D3	"]*)!"***1+
50A3D4	"Y~}^"*+*5*
50A3D5	"]*)!"***3+
50A3D6	"]*)!"***4+
50A3D7	"]*)!"***5+
50A3D8	"{]M"**1+6*
50A3D9	"se["**5*
50A3DA	"]*)!"***8+
50A3DB	"{M>"**1+9*
50A3DC	"se["**5*3+
50A3DD	"se["**5*4+
50A3DE	"se["**1+5*
50A3DF	"se["**5*6+
50A3E0	"{c>"**2+7*
50A3E1	"se["**5*8+
50A3E2	"se["**5*9+
50A3E3	"se["**2+5*
50A3E4	"{]M"**3+6*
50A3E5	":M5%#"***\-
50A3E6	"9M5%#"***\-
50A3E7	"{c>"**3+7*
50A3E8	"se["**3+5*
50A3E9	"6M5%#"***\-
50A3EA	"{]M"**4+6*
50A3EB	"4M5%#"***\-
50A3EC	"3M5%#"***\-
50A3ED	"se["**4+5*
50A3EE	"{c>"**4+7*
50A3EF	"0M5%#"***\-
50A3F0	"{]M"**5+6*
50A3F1	".M5%#"***\-
50A3F2	"_~}X"*+*5*
50A3F3	",M5%#"***\-
50A3F4	"+M5%#"***\-
50A3F5	"{c>"**5+7*
50A3F6	"{]M"**6+6*
50A3F7	"se["**6+5*
50A3F8	"qOJ"**9+8*
50A3F9	"&M5%#"***\-
50A3FA	"%M5%#"***\-
50A3FB	"$M5%#"***\-
50A3FC	"se["**7+5*
50A3FD	"+]*)!"***+
50A3FE	"!M5%#"***\-
50A3FF	"{M>"**5+9*
50A400	".]*)!"***+
50A401	"se["**8+5*
50A402	"{]M"**8+6*
50A403	"{c>"**7+7*
50A404	"2]*)!"***+
50A405	"3]*)!"***+
50A406	"se["**9+5*
50A407	"5]*)!"***+
50A408	"{]M"**9+6*
50A409	"7]*)!"***+
50A40A	"{c>"**8+7*
50A40B	"9]*)!"***+
50A40C	":]*)!"***+
50A40D	";]*)!"***+
50A40E	"<]*)!"***+
50A40F	"=]*)!"***+
50A410	"~k1"**8-8*
50A411	"{c>"**9+7*
50A412	"@]*)!"***+
50A413	"A]*)!"***+
50A414	"B]*)!"***+
50A415	"C]*)!"***+
50A416	"M5%#"***9-
50A417	"M5%#"***8-
50A418	"M5%#"***7-
50A419	"M5%#"***6-
50A41A	"M5%#"***5-
50A41B	"M5%#"***4-
50A41C	"M5%#"***3-
50A41D	"M5%#"***2-
50A41E	"M5%#"***1-
50A41F	"M5%#"***
50A420	"M5%#"***1+
50A421	"M5%#"***2+
50A422	"M5%#"***3+
50A423	"M5%#"***4+
50A424	"M5%#"***5+
50A425	"M5%#"***6+
50A426	"M5%#"***7+
50A427	"M5%#"***8+
50A428	"M5%#"***9+
50A429	"W]*)!"***+
50A42A	"X]*)!"***+
50A42B	"Y]*)!"***+
50A42C	"~kb"**9-4*
50A42D	"~k8"**5-7*
50A42E	"\]*)!"***+
50A42F	"]]*)!"***+
50A430	"~kb"**8-4*
50A431	"_]*)!"***+
50A432	"kbT"**5-6*
50A433	"}=<&&"***\-
50A434	"~kb"**7-4*
50A435	"yE~U"+**3*
50A436	"re3"**9*8-
50A437	"re3"**9*7-
50A438	"~kb"**6-4*
50A439	"re3"**9*5-
50A43A	"re3"**9*4-
50A43B	"~k8"**3-7*
50A43C	"~kb"**5-4*
50A43D	"re3"**9*1-
50A43E	"re3"**9*
50A43F	"re3"**9*1+
50A440	"~kb"**4-4*
50A441	"re3"**9*3+
50A442	"~k8"**2-7*
50A443	"re3"**9*5+
50A444	"~kb"**3-4*
50A445	"re3"**9*7+
50A446	"re3"**9*8+
50A447	"re3"**1+9*
50A448	"~kb"**2-4*
50A449	"~k8"**1-7*
50A44A	"kbT"**1-6*
50A44B	"~kb"**4*5-
50A44C	"~kb"**1-4*
50A44D	"~kb"**4*3-
50A44E	"~kb"**4*2-
50A44F	"~kb"**4*1-
50A450	"~kb"**4*
50A451	"~kb"**4*1+
50A452	"~kb"**4*2+
50A453	"~kb"**4*3+
50A454	"~kb"**1+4*
50A455	"~kb"**4*5+
50A456	"n~mW"*+*5*
50A457	"~k8"**1+7*
50A458	"~kb"**2+4*
50A459	"re3"**3+9*
50A45A	"tUC"**8*6-
50A45B	"tUC"**8*5-
50A45C	"~kb"**3+4*
50A45D	"tUC"**8*3-
50A45E	"~k8"**2+7*
50A45F	"tUC"**8*1-
50A460	"tUC"**8*
50A461	"tUC"**8*1+
50A462	"kbT"**3+6*
50A463	"tUC"**8*3+
50A464	"~kb"**5+4*
50A465	"~k8"**3+7*
50A466	"tUC"**8*6+
50A467	"tUC"**8*7+
50A468	"~kb"**6+4*
50A469	"tUC"**8*9+
50A46A	"F=<&&"***\-
50A46B	"re3"**5+9*
50A46C	"~kb"**7+4*
50A46D	"C=<&&"***\-
50A46E	"kbT"**5+6*
50A46F	"A=<&&"***\-
50A470	"~kb"**8+4*
50A471	"?=<&&"***\-
50A472	">=<&&"***\-
50A473	"~k8"**5+7*
50A474	"~kb"**9+4*
50A475	";=<&&"***\-
50A476	":=<&&"***\-
50A477	"9=<&&"***\-
50A478	"~k1"**5+8*
50A479	"7=<&&"***\-
50A47A	"kbT"**7+6*
50A47B	"5=<&&"***\-
50A47C	"4=<&&"***\-
50A47D	"re3"**7+9*
50A47E	"2=<&&"***\-
50A47F	"1=<&&"***\-
50A480	"kbT"**8+6*
50A481	"~k8"**7+7*
50A482	".=<&&"***\-
50A483	"zrL"**9-5*
50A484	",=<&&"***\-
50A485	"+=<&&"***\-
50A486	"kbT"**9+6*
50A487	")=<&&"***\-
50A488	"}Fv!"+**4*
50A489	"5+~3+"*+**
50A48A	"&=<&&"***\-
50A48B	"%=<&&"***\-
50A48C	"zr_"**9-4*
50A48D	"~}_Y"**+5*
50A48E	"oM5%#"***+
50A48F	"u?~q"+**3*
50A490	"zr_"**8-4*
50A491	"rM5%#"***+
50A492	"zrL"**6-5*
50A493	"tM5%#"***+
50A494	"zr_"**7-4*
50A495	"vM5%#"***+
50A496	"wM5%#"***+
50A497	"zrL"**5-5*
50A498	"zr_"**6-4*
50A499	"zM5%#"***+
50A49A	"{M5%#"***+
50A49B	"|M5%#"***+
50A49C	"zr_"**5-4*
50A49D	"~M5%#"***+
50A49E	"z_L"**3-6*
50A49F	"wM5%#"***+9+
50A4A0	"zr_"**4-4*
50A4A1	"zrL"**3-5*
50A4A2	"eGC!"***3-3/
50A4A3	"eGC!"***3/
50A4A4	"zr_"**3-4*
50A4A5	"W7//"***7-2/
50A4A6	"zrL"**2-5*
50A4A7	"=<&&"***9-
50A4A8	"zr_"**2-4*
50A4A9	"=<&&"***7-
50A4AA	"z_L"**1-6*
50A4AB	"zrL"**1-5*
50A4AC	"zr_"**1-4*
50A4AD	"=<&&"***3-
50A4AE	"=<&&"***2-
50A4AF	"=<&&"***1-
50A4B0	"zr_"**4*
50A4B1	"=<&&"***1+
50A4B2	"=<&&"***2+
50A4B3	"=<&&"***3+
50A4B4	"zr_"**1+4*
50A4B5	"zrL"**1+5*
50A4B6	"z_L"**1+6*
50A4B7	"=<&&"***7+
50A4B8	"zr_"**2+4*
50A4B9	"=<&&"***9+
50A4BA	"zrL"**2+5*
50A4BB	"=<&&"***2+9+
50A4BC	"zr_"**3+4*
50A4BD	"zr_"**1+4*9+
50A4BE	"zr~@"+**7+2*
50A4BF	"zrL"**3+5*
50A4C0	"p^~}"+**2*
50A4C1	"zr_"**2+4*9+
50A4C2	"z_L"**3+6*
50A4C3	"zrL"**2+5*9+
50A4C4	"zr_"**5+4*
50A4C5	"#|J@"**\-9*
50A4C6	"p^~}"+**3+2*
50A4C7	"CeYT"**\-7*
50A4C8	"{Rb!"+**4*
50A4C9	"zrL"**5+5*
50A4CA	"p^~}"+**5+2*
50A4CB	"z_L"**3+6*9+
50A4CC	"zr_"**7+4*
50A4CD	"~eGC!"***+3/
50A4CE	"zrL"**6+5*
50A4CF	"_C5/"***2-3/
50A4D0	"zr_"**8+4*
50A4D1	"!=<&&"***+
50A4D2	"_C5/"***7+3/
50A4D3	"zrL"**7+5*
50A4D4	"zr_"**9+4*
50A4D5	"~kUS"**+7*
50A4D6	"&=<&&"***+
50A4D7	"'=<&&"***+
50A4D8	"zrL"**8+5*
50A4D9	")=<&&"***+
50A4DA	"z_L"**7+6*
50A4DB	"+=<&&"***+
50A4DC	",=<&&"***+
50A4DD	"zrL"**9+5*
50A4DE	".=<&&"***+
50A4DF	"/=<&&"***+
50A4E0	"l~nI"*+*6*
50A4E1	"1=<&&"***+
50A4E2	"2=<&&"***+
50A4E3	"3=<&&"***+
50A4E4	"4=<&&"***+
50A4E5	"5=<&&"***+
50A4E6	"z_L"**9+6*
50A4E7	"7=<&&"***+
50A4E8	"z_9"**7+8*
50A4E9	"9=<&&"***+
50A4EA	":=<&&"***+
50A4EB	";=<&&"***+
50A4EC	"dO~a"+**3*
50A4ED	"==<&&"***+
50A4EE	"~C4)%"***\-
50A4EF	"}C4)%"***\-
50A4F0	"z_9"**8+8*
50A4F1	"{C4)%"***\-
50A4F2	"zC4)%"***\-
50A4F3	"yC4)%"***\-
50A4F4	"xC4)%"***\-
50A4F5	"wC4)%"***\-
50A4F6	"9se["**+5*
50A4F7	"uC4)%"***\-
50A4F8	"z_9"**9+8*
50A4F9	"sC4)%"***\-
50A4FA	"rC4)%"***\-
50A4FB	"qC4)%"***\-
50A4FC	"pC4)%"***\-
50A4FD	"oC4)%"***\-
50A4FE	"nC4)%"***\-
50A4FF	"mC4)%"***\-
50A500	"P~kL"*+*8*
50A501	"kC4)%"***\-
50A502	"jC4)%"***\-
50A503	"iC4)%"***\-
50A504	"hC4)%"***\-
50A505	"<se["**+5*
50A506	"fC4)%"***\-
50A507	"eC4)%"***\-
50A508	"|e~U"+**2*
50A509	"cC4)%"***\-
50A50A	"VU~s"+**3*
50A50B	"aC4)%"***\-
50A50C	"`C4)%"***\-
50A50D	"_C4)%"***\-
50A50E	"^C4)%"***\-
50A50F	">se["**+5*
50A510	"\C4)%"***\-
50A511	"[C4)%"***\-
50A512	"ZC4)%"***\-
50A513	"YC4)%"***\-
50A514	"?se["**+5*
50A515	"WC4)%"***\-
50A516	"a~r4"*+*9*
50A517	"UC4)%"***\-
50A518	"TC4)%"***\-
50A519	"@se["**+5*
50A51A	"RC4)%"***\-
50A51B	"QC4)%"***\-
50A51C	"PC4)%"***\-
50A51D	"OC4)%"***\-
50A51E	"^A~/"+**5*
50A51F	"MC4)%"***\-
50A520	"LC4)%"***\-
50A521	"KC4)%"***\-
50A522	"r%~5"+**7*
50A523	"Bse["**+5*
50A524	"HC4)%"***\-
50A525	"GC4)%"***\-
50A526	"FC4)%"***\-
50A527	"EC4)%"***\-
50A528	"j~|B"*+*6*
50A529	"C;~A"+**7*
50A52A	"BC4)%"***\-
50A52B	"AC4)%"***\-
50A52C	"@C4)%"***\-
50A52D	"Dse["**+5*
50A52E	">C4)%"***\-
50A52F	"=C4)%"***\-
50A530	"<C4)%"***\-
50A531	"}W6"**9-9*
50A532	":C4)%"***\-
50A533	"9C4)%"***\-
50A534	"8C4)%"***\-
50A535	"7C4)%"***\-
50A536	"6C4)%"***\-
50A537	"5C4)%"***\-
50A538	"4C4)%"***\-
50A539	"3C4)%"***\-
50A53A	"}W6"**8-9*
50A53B	"1C4)%"***\-
50A53C	"0C4)%"***\-
50A53D	"/C4)%"***\-
50A53E	".C4)%"***\-
50A53F	"-C4)%"***\-
50A540	",C4)%"***\-
50A541	"+C4)%"***\-
50A542	"*C4)%"***\-
50A543	"}W6"**7-9*
50A544	"(C4)%"***\-
50A545	"'C4)%"***\-
50A546	"&C4)%"***\-
50A547	"%C4)%"***\-
50A548	"tm~S"+**2*
50A549	"#C4)%"***\-
50A54A	"8:---"***\-
50A54B	"!C4)%"***\-
50A54C	"}WQ"**9-6*
50A54D	"5:---"***\-
50A54E	"4:---"***\-
50A54F	"3:---"***\-
50A550	"dI~7"+**4*
50A551	"1:---"***\-
50A552	"}WQ"**8-6*
50A553	"/:---"***\-
50A554	".:---"***\-
50A555	"}W6"**5-9*
50A556	",:---"***\-
50A557	"+:---"***\-
50A558	"}WQ"**7-6*
50A559	"):---"***\-
50A55A	"(:---"***\-
50A55B	"':---"***\-
50A55C	"&:---"***\-
50A55D	"%:---"***\-
50A55E	"}WQ"**6-6*
50A55F	"#:---"***\-
50A560	"\V~)"+**4*
50A561	"yx4"**9-7*
50A562	" :---"***\-
50A563	"C4)%"***9-
50A564	"v~`\"*+*5*
50A565	"C4)%"***7-
50A566	"C4)%"***6-
50A567	"}W6"**3-9*
50A568	"yx4"**8-7*
50A569	"okY"**8-5*
50A56A	"}WQ"**4-6*
50A56B	"C4)%"***1-
50A56C	"C4)%"***
50A56D	"C4)%"***1+
50A56E	"okY"**7-5*
50A56F	"yx4"**7-7*
50A570	"C4)%"***4+
50A571	"C4)%"***5+
50A572	"C4)%"***6+
50A573	"okY"**6-5*
50A574	"C4)%"***8+
50A575	"C4)%"***9+
50A576	"}WQ"**2-6*
50A577	")[7! "***\-
50A578	"G~zy"*+*5*
50A579	"}W6"**1-9*
50A57A	":---"***8-
50A57B	":---"***7-
50A57C	"yx["**9-4*
50A57D	"okY"**4-5*
50A57E	":---"***4-
50A57F	":---"***3-
50A580	"yx["**8-4*
50A581	":---"***1-
50A582	"}WQ"**6*
50A583	":---"***1+
50A584	"yx["**7-4*
50A585	":---"***3+
50A586	":---"***4+
50A587	"okY"**2-5*
50A588	"yx["**6-4*
50A589	":---"***7+
50A58A	":---"***8+
50A58B	"yx4"**3-7*
50A58C	"yx["**5-4*
50A58D	"okY"**5*4-
50A58E	"}WQ"**2+6*
50A58F	"okY"**5*2-
50A590	"yx["**4-4*
50A591	"okY"**5*
50A592	"yx4"**2-7*
50A593	"okY"**5*2+
50A594	"yx["**3-4*
50A595	"okY"**5*4+
50A596	"okY"**1+5*
50A597	"okY"**5*6+
50A598	"yx["**2-4*
50A599	"I~;##"**+*
50A59A	"}WQ"**4+6*
50A59B	"okY"**2+5*
50A59C	"yx["**1-4*
50A59D	"}W6"**3+9*
50A59E	"yx["**4*2-
50A59F	"yx["**4*1-
50A5A0	"yx["**4*
50A5A1	"yx["**4*1+
50A5A2	"yx["**4*2+
50A5A3	"yx["**4*3+
50A5A4	"yx["**1+4*
50A5A5	"okY"**4+5*
50A5A6	"}WQ"**6+6*
50A5A7	"yx4"**1+7*
50A5A8	"yx["**2+4*
50A5A9	"yx["**4*9+
50A5AA	"okY"**5+5*
50A5AB	"U|%$ "***\-
50A5AC	"yx["**3+4*
50A5AD	"S|%$ "***\-
50A5AE	"yx4"**2+7*
50A5AF	"okY"**6+5*
50A5B0	"yx["**4+4*
50A5B1	"O|%$ "***\-
50A5B2	"}WQ"**8+6*
50A5B3	"M|%$ "***\-
50A5B4	"yx["**5+4*
50A5B5	"yx4"**3+7*
50A5B6	"J|%$ "***\-
50A5B7	"I|%$ "***\-
50A5B8	"yx["**6+4*
50A5B9	"okY"**8+5*
50A5BA	"F|%$ "***\-
50A5BB	"E|%$ "***\-
50A5BC	"yx["**7+4*
50A5BD	"C|%$ "***\-
50A5BE	"{~tI"*+*5*
50A5BF	"A|%$ "***\-
50A5C0	"yx["**8+4*
50A5C1	"}W6"**7+9*
50A5C2	">|%$ "***\-
50A5C3	"ypN"**7+5*
50A5C4	"yx["**9+4*
50A5C5	";|%$ "***\-
50A5C6	":|%$ "***\-
50A5C7	"9|%$ "***\-
50A5C8	"ypN"**8+5*
50A5C9	"7|%$ "***\-
50A5CA	"ypA"**7+6*
50A5CB	"5|%$ "***\-
50A5CC	"Gzr_"**+4*
50A5CD	"ypN"**9+5*
50A5CE	"2|%$ "***\-
50A5CF	"1|%$ "***\-
50A5D0	"ypA"**8+6*
50A5D1	"yx4"**7+7*
50A5D2	"e~n^"*+*5*
50A5D3	"}W6"**9+9*
50A5D4	"Izr_"**+4*
50A5D5	"+|%$ "***\-
50A5D6	"ypA"**9+6*
50A5D7	"]kh_"**\-5*
50A5D8	"baj!"+**4*
50A5D9	"'|%$ "***\-
50A5DA	"&|%$ "***\-
50A5DB	"%~;;)"**+*
50A5DC	"|o`"**9-4*
50A5DD	"#|%$ "***\-
50A5DE	"+?3/#"***\-
50A5DF	"yx4"**9+7*
50A5E0	"|o`"**8-4*
50A5E1	"]A=+"***3/
50A5E2	"|o@"**5-6*
50A5E3	"&?3/#"***\-
50A5E4	"|o`"**7-4*
50A5E5	"|J@"**3-9*
50A5E6	"#?3/#"***\-
50A5E7	"G[7! "***+
50A5E8	"|o`"**6-4*
50A5E9	" ?3/#"***\-
50A5EA	"J[7! "***+
50A5EB	"K[7! "***+
50A5EC	"|o`"**5-4*
50A5ED	"M[7! "***+
50A5EE	"|o@"**3-6*
50A5EF	"O[7! "***+
50A5F0	"|o`"**4-4*
50A5F1	"Q[7! "***+
50A5F2	"R[7! "***+
50A5F3	"S[7! "***+
50A5F4	"|o`"**3-4*
50A5F5	"U[7! "***+
50A5F6	"V[7! "***+
50A5F7	"|J@"**1-9*
50A5F8	"|o`"**2-4*
50A5F9	"|o`"**4*7-
50A5FA	"|o@"**1-6*
50A5FB	"|o`"**4*5-
50A5FC	"kj~k"+**2*
50A5FD	"|o`"**4*3-
50A5FE	"|o`"**4*2-
50A5FF	"|o`"**4*1-
50A600	"|o`"**4*
50A601	"|o`"**4*1+
50A602	"|o`"**4*2+
50A603	"|o`"**4*3+
50A604	"|o`"**1+4*
50A605	"|o`"**4*5+
50A606	"|o@"**1+6*
50A607	"|o`"**4*7+
50A608	"|o`"**2+4*
50A609	"wi/"**9*
50A60A	"?3/#"***1+
50A60B	"?3/#"***2+
50A60C	"|o`"**3+4*
50A60D	"?3/#"***4+
50A60E	"?3/#"***5+
50A60F	"?3/#"***6+
50A610	"~5)"*+:*9-
50A611	"~5)"*+:*8-
50A612	"~5)"*+:*7-
50A613	"~5)"*+:*6-
50A614	"~5)"*+:*5-
50A615	"~5)"*+:*4-
50A616	"~5)"*+:*3-
50A617	"~5)"*+:*2-
50A618	"~5)"*+:*1-
50A619	"~5)"*+:*
50A61A	"~5)"*+:*1+
50A61B	"~5)"*+:*2+
50A61C	"~5)"*+:*3+
50A61D	"~5)"*+:*4+
50A61E	"~5)"*+:*5+
50A61F	"~5)"*+:*6+
50A620	"~5)"*+:*7+
50A621	"~5)"*+:*8+
50A622	"~5)"*+:*9+
50A623	"#|%$ "***+
50A624	"c~uq"*+*4*
50A625	"%|%$ "***+
50A626	"&|%$ "***+
50A627	"'|%$ "***+
50A628	"|o0"**5+8*
50A629	" ?3/#"***+
50A62A	"|o@"**7+6*
50A62B	"+|%$ "***+
50A62C	"#?3/#"***+
50A62D	"|J@"**5+9*
50A62E	"%?3/#"***+
50A62F	"&?3/#"***+
50A630	"|o@"**8+6*
50A631	"(?3/#"***+
50A632	")?3/#"***+
50A633	"*?3/#"***+
50A634	"+?3/#"***+
50A635	",?3/#"***+
50A636	"|o@"**9+6*
50A637	".?3/#"***+
50A638	"|o0"**7+8*
50A639	"0?3/#"***+
50A63A	"M~yP"*+*7*
50A63B	"2?3/#"***+
50A63C	"3?3/#"***+
50A63D	"4?3/#"***+
50A63E	"5?3/#"***+
50A63F	"|J@"**7+9*
50A640	"SP~I"+**4*
50A641	"8?3/#"***+
50A642	"9?3/#"***+
50A643	":?3/#"***+
50A644	";?3/#"***+
50A645	"<?3/#"***+
50A646	"=?3/#"***+
50A647	">?3/#"***+
50A648	"|o0"**9+8*
50A649	"@?3/#"***+
50A64A	"J~/)%"**+*
50A64B	"B?3/#"***+
50A64C	"C?3/#"***+
50A64D	"D?3/#"***+
50A64E	"E?3/#"***+
50A64F	"~se["**+5*
50A650	"G?3/#"***+
50A651	"|J@"**9+9*
50A652	"I?3/#"***+
50A653	"J?3/#"***+
50A654	"K?3/#"***+
50A655	"L?3/#"***+
50A656	"M?3/#"***+
50A657	"N?3/#"***+
50A658	"O?3/#"***+
50A659	"P?3/#"***+
50A65A	"~soE"**+6*
50A65B	"R?3/#"***+
50A65C	"S?3/#"***+
50A65D	"eYT"**9-7*
50A65E	"U?3/#"***+
50A65F	"V?3/#"***+
50A660	"W?3/#"***+
50A661	"X?3/#"***+
50A662	"Y?3/#"***+
50A663	"uAj!"+**5*
50A664	"eYT"**8-7*
50A665	"\?3/#"***+
50A666	"ebY"**9-6*
50A667	"^?3/#"***+
50A668	"_?3/#"***+
50A669	"`?3/#"***+
50A66A	"a?3/#"***+
50A66B	"eYT"**7-7*
50A66C	"ebY"**8-6*
50A66D	"d?3/#"***+
50A66E	"e?3/#"***+
50A66F	"f?3/#"***+
50A670	"g?3/#"***+
50A671	"h?3/#"***+
50A672	"ebY"**7-6*
50A673	"j?3/#"***+
50A674	"k?3/#"***+
50A675	"~O;"**9-9*
50A676	"m?3/#"***+
50A677	"n?3/#"***+
50A678	"rC~/"+**4*
50A679	"eYT"**5-7*
50A67A	"q?3/#"***+
50A67B	"r?3/#"***+
50A67C	"}|~~Y"++**
50A67D	"t?3/#"***+
50A67E	"ebY"**5-6*
50A67F	"v?3/#"***+
50A680	"eYT"**4-7*
50A681	"}C1.#"***\-
50A682	"|C1.#"***\-
50A683	"{C1.#"***\-
50A684	"ebY"**4-6*
50A685	"yC1.#"***\-
50A686	"xC1.#"***\-
50A687	"eYT"**3-7*
50A688	"vC1.#"***\-
50A689	"uC1.#"***\-
50A68A	"ebY"**3-6*
50A68B	"s;)&"***2/
50A68C	"rC1.#"***\-
50A68D	"+~==!"**+*
50A68E	"eYT"**2-7*
50A68F	"oC1.#"***\-
50A690	"x~oA"*+*6*
50A691	"mC1.#"***\-
50A692	"lC1.#"***\-
50A693	"ebY"**6*9-
50A694	"ebY"**6*8-
50A695	"eYT"**1-7*
50A696	"ebY"**1-6*
50A697	"ebY"**6*5-
50A698	"ebY"**6*4-
50A699	"~O;"**5-9*
50A69A	"ebY"**6*2-
50A69B	"ebY"**6*1-
50A69C	"ebY"**6*
50A69D	"ebY"**6*1+
50A69E	"ebY"**6*2+
50A69F	"ebY"**6*3+
50A6A0	"ebY"**6*4+
50A6A1	"ebY"**6*5+
50A6A2	"ebY"**1+6*
50A6A3	"eYT"**1+7*
50A6A4	"ebY"**6*8+
50A6A5	"ebY"**6*9+
50A6A6	"XC1.#"***\-
50A6A7	"WC1.#"***\-
50A6A8	"ebY"**2+6*
50A6A9	"UC1.#"***\-
50A6AA	"eYT"**2+7*
50A6AB	"~O;"**3-9*
50A6AC	"RC1.#"***\-
50A6AD	"QC1.#"***\-
50A6AE	"ebY"**3+6*
50A6AF	"OC1.#"***\-
50A6B0	"NC1.#"***\-
50A6B1	"eYT"**3+7*
50A6B2	"LC1.#"***\-
50A6B3	"KC1.#"***\-
50A6B4	"ebY"**4+6*
50A6B5	"IC1.#"***\-
50A6B6	"HC1.#"***\-
50A6B7	"GC1.#"***\-
50A6B8	"eYT"**4+7*
50A6B9	"EC1.#"***\-
50A6BA	"ebY"**5+6*
50A6BB	"CC1.#"***\-
50A6BC	"BC1.#"***\-
50A6BD	"~O;"**1-9*
50A6BE	"vQO"**7*8-
50A6BF	"eYT"**5+7*
50A6C0	"ebY"**6+6*
50A6C1	"vQO"**7*5-
50A6C2	"vQO"**7*4-
50A6C3	"vQO"**7*3-
50A6C4	"vQO"**7*2-
50A6C5	"vQO"**7*1-
50A6C6	"vQO"**7*
50A6C7	"vQO"**7*1+
50A6C8	"vQO"**7*2+
50A6C9	"vQO"**7*3+
50A6CA	"vQO"**7*4+
50A6CB	"vQO"**7*5+
50A6CC	"ebY"**8+6*
50A6CD	"eYT"**7+7*
50A6CE	"vQO"**7*8+
50A6CF	"~O;"**1+9*
50A6D0	".C1.#"***\-
50A6D1	"-C1.#"***\-
50A6D2	"k~yC"*+*6*
50A6D3	"+C1.#"***\-
50A6D4	"eYT"**8+7*
50A6D5	")C1.#"***\-
50A6D6	"(C1.#"***\-
50A6D7	"'C1.#"***\-
50A6D8	"~O;"**2+9*
50A6D9	"%C1.#"***\-
50A6DA	"$C1.#"***\-
50A6DB	"G~q]"*+*7*
50A6DC	"qu%%!"***\-
50A6DD	"!C1.#"***\-
50A6DE	";rpE"**\-6*
50A6DF	"nu%%!"***\-
50A6E0	"mu%%!"***\-
50A6E1	"~O;"**3+9*
50A6E2	"vQO"**4+7*
50A6E3	"ju%%!"***\-
50A6E4	"iu%%!"***\-
50A6E5	"hu%%!"***\-
50A6E6	"gu%%!"***\-
50A6E7	"fu%%!"***\-
50A6E8	"eu%%!"***\-
50A6E9	"vQO"**5+7*
50A6EA	"~O;"**4+9*
50A6EB	"bu%%!"***\-
50A6EC	"au%%!"***\-
50A6ED	"`u%%!"***\-
50A6EE	"_u%%!"***\-
50A6EF	"^u%%!"***\-
50A6F0	"vQO"**6+7*
50A6F1	"\u%%!"***\-
50A6F2	"[u%%!"***\-
50A6F3	"~O;"**5+9*
50A6F4	"Yu%%!"***\-
50A6F5	"C1.#"***9-
50A6F6	"C1.#"***8-
50A6F7	"vQO"**7+7*
50A6F8	"C1.#"***6-
50A6F9	"C1.#"***5-
50A6FA	"C1.#"***4-
50A6FB	"C1.#"***3-
50A6FC	"m~uD"*+*6*
50A6FD	"C1.#"***1-
50A6FE	"sbC"**7*
50A6FF	"C1.#"***1+
50A700	"C1.#"***2+
50A701	"C1.#"***3+
50A702	"C1.#"***4+
50A703	"C1.#"***5+
50A704	"C1.#"***6+
50A705	"vQO"**9+7*
50A706	"C1.#"***8+
50A707	"C1.#"***9+
50A708	"Eu%%!"***\-
50A709	"Du%%!"***\-
50A70A	"Cu%%!"***\-
50A70B	"Bu%%!"***\-
50A70C	"sbC"**2+7*
50A70D	"@u%%!"***\-
50A70E	"~O;"**8+9*
50A70F	">u%%!"***\-
50A710	"=u%%!"***\-
50A711	"<u%%!"***\-
50A712	";u%%!"***\-
50A713	"sbC"**3+7*
50A714	"9u%%!"***\-
50A715	"8u%%!"***\-
50A716	"7u%%!"***\-
50A717	"~O;"**9+9*
50A718	"5u%%!"***\-
50A719	"4u%%!"***\-
50A71A	"sbC"**4+7*
50A71B	"2u%%!"***\-
50A71C	"1u%%!"***\-
50A71D	"0u%%!"***\-
50A71E	"/u%%!"***\-
50A71F	".u%%!"***\-
50A720	"-u%%!"***\-
50A721	"sbC"**5+7*
50A722	"+u%%!"***\-
50A723	"*u%%!"***\-
50A724	")u%%!"***\-
50A725	"(u%%!"***\-
50A726	"'u%%!"***\-
50A727	"&u%%!"***\-
50A728	"sbC"**6+7*
50A729	"$u%%!"***\-
50A72A	"#u%%!"***\-
50A72B	"-C1.#"***+
50A72C	"!u%%!"***\-
50A72D	" u%%!"***\-
50A72E	"0C1.#"***+
50A72F	"sbC"**7+7*
50A730	"2C1.#"***+
50A731	"3C1.#"***+
50A732	"~G0/!"***\-
50A733	"}G0/!"***\-
50A734	"|G0/!"***\-
50A735	"{G0/!"***\-
50A736	"sbC"**8+7*
50A737	"yG0/!"***\-
50A738	"q~vA"*+*6*
50A739	"wG0/!"***\-
50A73A	"vG0/!"***\-
50A73B	"zS:"**9-9*
50A73C	"tG0/!"***\-
50A73D	"sbC"**9+7*
50A73E	"rG0/!"***\-
50A73F	"qG0/!"***\-
50A740	"pG0/!"***\-
50A741	"oG0/!"***\-
50A742	"nG0/!"***\-
50A743	"mG0/!"***\-
50A744	"d~cK"*+*7*
50A745	"u%%!"***8-
50A746	"u%%!"***7-
50A747	"u%%!"***6-
50A748	"u%%!"***5-
50A749	"u%%!"***4-
50A74A	"u%%!"***3-
50A74B	"~seA"**+7*
50A74C	"u%%!"***1-
50A74D	"u%%!"***
50A74E	"Y~qh"*+*5*
50A74F	"u%%!"***2+
50A750	"u%%!"***3+
50A751	"u%%!"***4+
50A752	"u%%!"***5+
50A753	"u%%!"***6+
50A754	"u%%!"***7+
50A755	"u%%!"***8+
50A756	"zWS"**9-6*
50A757	"YG0/!"***\-
50A758	"XG0/!"***\-
50A759	"WG0/!"***\-
50A75A	"VG0/!"***\-
50A75B	"UG0/!"***\-
50A75C	"ra~q"+**2*
50A75D	"SG0/!"***\-
50A75E	"RG0/!"***\-
50A75F	"zS:"**5-9*
50A760	"k_A"**9-8*
50A761	"OG0/!"***\-
50A762	"zWS"**7-6*
50A763	"MG0/!"***\-
50A764	"LG0/!"***\-
50A765	"KG0/!"***\-
50A766	"JG0/!"***\-
50A767	"IG0/!"***\-
50A768	"zWS"**6-6*
50A769	"GG0/!"***\-
50A76A	"FG0/!"***\-
50A76B	"EG0/!"***\-
50A76C	"DG0/!"***\-
50A76D	"CG0/!"***\-
50A76E	"zWS"**5-6*
50A76F	"AG0/!"***\-
50A770	"~jRL"**+8*
50A771	"zS:"**3-9*
50A772	">G0/!"***\-
50A773	"=G0/!"***\-
50A774	"zWS"**4-6*
50A775	";G0/!"***\-
50A776	":G0/!"***\-
50A777	"9G0/!"***\-
50A778	"k_A"**6-8*
50A779	"7G0/!"***\-
50A77A	"zWS"**3-6*
50A77B	"kh_"**9-5*
50A77C	"4G0/!"***\-
50A77D	"3G0/!"***\-
50A77E	"2G0/!"***\-
50A77F	"1G0/!"***\-
50A780	"kh_"**8-5*
50A781	"/G0/!"***\-
50A782	".G0/!"***\-
50A783	"zS:"**1-9*
50A784	"yC~%"+**4*
50A785	"kh_"**7-5*
50A786	"zWS"**1-6*
50A787	"zWS"**6*5-
50A788	"k_A"**4-8*
50A789	"zWS"**6*3-
50A78A	"kh_"**6-5*
50A78B	"zWS"**6*1-
50A78C	"zWS"**6*
50A78D	"zWS"**6*1+
50A78E	"zWS"**6*2+
50A78F	"kh_"**5-5*
50A790	"k_A"**3-8*
50A791	"zWS"**6*5+
50A792	"zWS"**1+6*
50A793	"zWS"**6*7+
50A794	"kh_"**4-5*
50A795	"zS:"**1+9*
50A796	"jY:  "***\-
50A797	"iY:  "***\-
50A798	"zWS"**2+6*
50A799	"kh_"**3-5*
50A79A	"fY:  "***\-
50A79B	"'~C/+"**+*
50A79C	")~r\"**\-4*
50A79D	"cY:  "***\-
50A79E	"kh_"**2-5*
50A79F	"kh_"**5*9-
50A7A0	"~qOJ"**+8*
50A7A1	"kh_"**5*7-
50A7A2	"kh_"**5*6-
50A7A3	"kh_"**1-5*
50A7A4	"zWS"**4+6*
50A7A5	"kh_"**5*3-
50A7A6	"kh_"**5*2-
50A7A7	"zS:"**3+9*
50A7A8	"kh_"**5*
50A7A9	"G0/!"***7-
50A7AA	"zWS"**5+6*
50A7AB	"G0/!"***5-
50A7AC	"G0/!"***4-
50A7AD	"kh_"**1+5*
50A7AE	"G0/!"***2-
50A7AF	"G0/!"***1-
50A7B0	"c^G"**8*
50A7B1	"G0/!"***1+
50A7B2	"v~yI"*+*5*
50A7B3	"G0/!"***3+
50A7B4	"G0/!"***4+
50A7B5	"G0/!"***5+
50A7B6	"zWS"**7+6*
50A7B7	"kh_"**3+5*
50A7B8	"k_A"**2+8*
50A7B9	"zS:"**5+9*
50A7BA	"FY:  "***\-
50A7BB	"+|i:"**\-7*
50A7BC	"kh_"**4+5*
50A7BD	"CY:  "***\-
50A7BE	"BY:  "***\-
50A7BF	"AY:  "***\-
50A7C0	"k_A"**3+8*
50A7C1	"kh_"**5+5*
50A7C2	"[~i["*+*6*
50A7C3	"=Y:  "***\-
50A7C4	"q|o`"**+4*
50A7C5	";Y:  "***\-
50A7C6	"kh_"**6+5*
50A7C7	"9Y:  "***\-
50A7C8	"k_A"**4+8*
50A7C9	")|i:"**\-7*
50A7CA	"6Y:  "***\-
50A7CB	"kh_"**7+5*
50A7CC	"s|o`"**+4*
50A7CD	"3Y:  "***\-
50A7CE	"XqqE"**\-6*
50A7CF	"1Y:  "***\-
50A7D0	"kh_"**8+5*
50A7D1	"/Y:  "***\-
50A7D2	".Y:  "***\-
50A7D3	")~;;%"**+*
50A7D4	"f~X@"*+*9*
50A7D5	"kh_"**9+5*
50A7D6	"*Y:  "***\-
50A7D7	"'|i:"**\-7*
50A7D8	"k_A"**6+8*
50A7D9	"'Y:  "***\-
50A7DA	"6|bW"**\-5*
50A7DB	"%Y:  "***\-
50A7DC	"w|o`"**+4*
50A7DD	"zS:"**9+9*
50A7DE	"&|i:"**\-7*
50A7DF	"5|bW"**\-5*
50A7E0	"k_A"**7+8*
50A7E1	"gI&%"***2/
50A7E2	"^E?& "***\-
50A7E3	"]E?& "***\-
50A7E4	"y|o`"**+4*
50A7E5	"%|i:"**\-7*
50A7E6	"^XG"**6+9*
50A7E7	"YE?& "***\-
50A7E8	"k_A"**8+8*
50A7E9	"3|bW"**\-5*
50A7EA	"VE?& "***\-
50A7EB	"UE?& "***\-
50A7EC	"{|o`"**+4*
50A7ED	"SE?& "***\-
50A7EE	"2|bW"**\-5*
50A7EF	"^XG"**7+9*
50A7F0	"k_A"**9+8*
50A7F1	"OE?& "***\-
50A7F2	"RqqE"**\-6*
50A7F3	"}~[A"*+*7*
50A7F4	"}|o`"**+4*
50A7F5	"KE?& "***\-
50A7F6	"JE?& "***\-
50A7F7	"tY@"**8*9-
50A7F8	"c^G"**9+8*
50A7F9	"tY@"**8*7-
50A7FA	"tY@"**8*6-
50A7FB	"tY@"**8*5-
50A7FC	"tY@"**8*4-
50A7FD	"y~mO"*+*5*
50A7FE	"tY@"**8*2-
50A7FF	"tY@"**8*1-
