53800	"@ ~)"+**
53801	"aV)"**5-
53802	"aV)"**4-
53803	"aV)"**3-
53804	"b~::"*+*
53805	"aV)"**1-
53806	"aV)"**
53807	";~k5"*+*
53808	"aV)"**2+
53809	"aV)"**3+
5380A	"aV)"**4+
5380B	"Y?="**
5380C	"aV)"**6+
5380D	"aV)"**7+
5380E	"aV)"**8+
5380F	"~_=;"**+
53810	"Y?="**5+
53811	"Y?="**6+
53812	"M~S4"*+*
53813	"Y?="**8+
53814	"Y?="**9+
53815	")IGB"**\-
53816	"&~}G"*+*
53817	"'IGB"**\-
53818	"&IGB"**\-
53819	"%IGB"**\-
5381A	"$IGB"**\-
5381B	"S~U/"*+*
5381C	":oC."**\-
5381D	"!IGB"**\-
5381E	" IGB"**\-
5381F	"7oC."**\-
53820	"p~=0"*+*
53821	"5oC."**\-
53822	"2~UO"*+*
53823	"3oC."**\-
53824	"2oC."**\-
53825	"1oC."**\-
53826	"]~`%"*+*
53827	"gQ)"**8-
53828	"gQ)"**7-
53829	"9~}/"*+*
5382A	"gQ)"**5-
5382B	"gQ)"**4-
5382C	"gQ)"**3-
5382D	"gQ)"**2-
5382E	"gQ)"**1-
5382F	"gQ)"**
53830	"gQ)"**1+
53831	"++~;"+**
53832	"gQ)"**3+
53833	"y~I%"*+*
53834	"gQ)"**5+
53835	"IGB"**9-
53836	"IGB"**8-
53837	"IGB"**7-
53838	"H~}%"*+*
53839	"IGB"**5-
5383A	"IGB"**4-
5383B	"IGB"**3-
5383C	"L~}#"*+*
5383D	"IGB"**1-
5383E	"IGB"**
5383F	"k~S%"*+*
53840	"P~S2"*+*
53841	"IGB"**3+
53842	"v~;/"*+*
53843	"IGB"**5+
53844	"IGB"**6+
53845	"IGB"**7+
53846	"~gS("**+
53847	"IGB"**9+
53848	"%sU#"**\-
53849	"$sU#"**\-
5384A	"#sU#"**\-
5384B	"5lc "**\-
5384C	"!sU#"**\-
5384D	"oC."**9-
5384E	"~tC,"**+
5384F	"oC."**7-
53850	"oC."**6-
53851	"oC."**5-
53852	"~kD/"**+
53853	"oC."**3-
53854	"oC."**2-
53855	"oC."**1-
53856	"oC."**
53857	"oC."**1+
53858	"oC."**2+
53859	"oC."**3+
5385A	"oC."**4+
5385B	"oC."**5+
5385C	"uD+"**
5385D	"oC."**7+
5385E	"oC."**8+
5385F	"oC."**9+
53860	"uD+"**4+
53861	"uD+"**5+
53862	"uD+"**6+
53863	"uD+"**7+
53864	"Y>>"**
53865	"~uO%"**+
53866	"Y>>"**2+
53867	"Y>>"**3+
53868	"Y>>"**4+
53869	"Y>>"**5+
5386A	"Y>>"**6+
5386B	"Y>>"**7+
5386C	"Y>>"**8+
5386D	"sU#"**
5386E	"S~o$"*+*
5386F	"sU#"**2+
53870	"sU#"**3+
53871	"sU#"**4+
53872	"sU#"**5+
53873	"sU#"**6+
53874	"sU#"**7+
53875	"sU#"**8+
53876	"sU#"**9+
53877	"l`!"**9-
53878	"l`!"**8-
53879	"l`!"**7-
5387A	"l`!"**6-
5387B	"l`!"**5-
5387C	"l`!"**4-
5387D	";~]="*+*
5387E	"l`!"**2-
5387F	"l`!"**1-
53880	"l`!"**
53881	"l`!"**1+
53882	"l`!"**2+
53883	"l`!"**3+
53884	"l`!"**4+
53885	"OG="**
53886	"l`!"**6+
53887	"mI+"**
53888	"l`!"**8+
53889	"l`!"**9+
5388A	"OG="**5+
5388B	"7~s5"*+*
5388C	"OG="**7+
5388D	"OG="**8+
5388E	"OG="**9+
5388F	"mI+"**8+
53890	"pA/"**
53891	"pA/"**1+
53892	"pA/"**2+
53893	"pA/"**3+
53894	"pA/"**4+
53895	"pA/"**5+
53896	"g~D/"*+*
53897	"pA/"**7+
53898	"j~^!"*+*
53899	"pA/"**9+
5389A	"WE9"**1-
5389B	"WE9"**
5389C	"WE9"**1+
5389D	"WE9"**2+
5389E	"WE9"**3+
5389F	"WE9"**4+
538A0	"JDD"**
538A1	"WE9"**6+
538A2	"WE9"**7+
538A3	"WE9"**8+
538A4	"WE9"**9+
538A5	"JDD"**5+
538A6	"JDD"**6+
538A7	"JDD"**7+
538A8	"JDD"**8+
538A9	"JDD"**9+
538AA	"kR'"**
538AB	"kR'"**1+
538AC	"eM,"**
538AD	"kR'"**3+
538AE	"_~O,"*+*
538AF	"v:2"**9-
538B0	"v:2"**8-
538B1	"v:2"**7-
538B2	"v:2"**6-
538B3	"v:2"**5-
538B4	"v:2"**4-
538B5	"v:2"**3-
538B6	"v:2"**2-
538B7	"v:2"**1-
538B8	"v:2"**
538B9	"v:2"**1+
538BA	"v:2"**2+
538BB	"v:2"**3+
538BC	"~IGB"**+
538BD	"v:2"**5+
538BE	"v:2"**6+
538BF	"v:2"**7+
538C0	"v:2"**8+
538C1	"v:2"**9+
538C2	"zU!"**
538C3	"zU!"**1+
538C4	"zU!"**2+
538C5	"zU!"**3+
538C6	"zU!"**4+
538C7	"zU!"**5+
538C8	"ba$"**
538C9	"zU!"**7+
538CA	"zU!"**8+
538CB	"zU!"**9+
538CC	"uK'"**5-
538CD	"uK'"**4-
538CE	"uK'"**3-
538CF	"uK'"**2-
538D0	"uK'"**1-
538D1	"uK'"**
538D2	"uK'"**1+
538D3	"uK'"**2+
538D4	"rO&"**
538D5	"uK'"**4+
538D6	"uK'"**5+
538D7	"uK'"**6+
538D8	"X~G5"*+*
538D9	"uK'"**8+
538DA	"~uD+"**+
538DB	"rO&"**7+
538DC	"C~j/"*+*
538DD	"rO&"**9+
538DE	"|E("**2-
538DF	"|E("**1-
538E0	"|E("**
538E1	"|E("**1+
538E2	"|E("**2+
538E3	"|E("**3+
538E4	"w~72"*+*
538E5	"|E("**5+
538E6	"|E("**6+
538E7	"|E("**7+
538E8	"|E("**8+
538E9	"|E("**9+
538EA	"}J%"**
538EB	"}J%"**1+
538EC	"}J%"**2+
538ED	"}J%"**3+
538EE	"^~_%"*+*
538EF	"}J%"**5+
538F0	"}J%"**6+
538F1	"}J%"**7+
538F2	"W~D8"*+*
538F3	"}J%"**9+
538F4	"1yE)"**\-
538F5	"0yE)"**\-
538F6	"/yE)"**\-
538F7	".yE)"**\-
538F8	"-yE)"**\-
538F9	"M#_ "+**
538FA	"&~kS"*+*
538FB	"*yE)"**\-
538FC	"R~\,"*+*
538FD	"(yE)"**\-
538FE	"'yE)"**\-
538FF	"&yE)"**\-
53900	"%yE)"**\-
53901	"$yE)"**\-
53902	"#yE)"**\-
53903	"~OG="**+
53904	"B~s,"*+*
53905	" yE)"**\-
53906	"6z=."**\-
53907	"?~W="*+*
53908	"V~^)"*+*
53909	"3z=."**\-
5390A	"2z=."**\-
5390B	"1z=."**\-
5390C	"0z=."**\-
5390D	"_~=9"*+*
5390E	".~_M"*+*
5390F	"%~}I"*+*
53910	"H~Y4"*+*
53911	"+z=."**\-
53912	"*z=."**\-
53913	")z=."**\-
53914	"(z=."**\-
53915	"'z=."**\-
53916	"Y~]("*+*
53917	"U~S/"*+*
53918	"$z=."**\-
53919	"I~u'"*+*
5391A	",r[!"**\-
5391B	"!z=."**\-
5391C	"yE)"**9-
5391D	"yE)"**8-
5391E	">~SA"*+*
5391F	"C'c "+**
53920	"yE)"**5-
53921	"yE)"**4-
53922	"Q~d)"*+*
53923	"yE)"**2-
53924	"yE)"**1-
53925	"yE)"**
53926	"yE)"**1+
53927	"yE)"**2+
53928	"f~U&"*+*
53929	"a~S)"*+*
5392A	"b~[%"*+*
5392B	"yE)"**6+
5392C	"yE)"**7+
5392D	"yE)"**8+
5392E	"v~K%"*+*
5392F	"3IFC"**\-
53930	"2IFC"**\-
53931	"1IFC"**\-
53932	"0IFC"**\-
53933	"z=."**9-
53934	"o~:3"*+*
53935	"z=."**7-
53936	"~v:2"**+
53937	"z=."**5-
53938	"z=."**4-
53939	"z=."**3-
5393A	"z=."**2-
5393B	"z=."**1-
5393C	"z=."**
5393D	"]~O-"*+*
5393E	"z=."**2+
5393F	"z=."**3+
53940	"`~V("*+*
53941	"z=."**5+
53942	"z=."**6+
53943	"z=."**7+
53944	"z=."**8+
53945	"z=."**9+
53946	"r[!"**
53947	"r[!"**1+
53948	"r[!"**2+
53949	"r[!"**3+
5394A	"r[!"**4+
5394B	"r[!"**5+
5394C	"r[!"**6+
5394D	"r[!"**7+
5394E	"r[!"**8+
5394F	"~uK'"**+
53950	"0kd "**\-
53951	"/kd "**\-
53952	"~rO&"**+
53953	"-kd "**\-
53954	",kd "**\-
53955	"+kd "**\-
53956	"*kd "**\-
53957	")kd "**\-
53958	"(kd "**\-
53959	"IFC"**9-
5395A	"IFC"**8-
5395B	"IFC"**7-
5395C	"IFC"**6-
5395D	"IFC"**5-
5395E	"IFC"**4-
5395F	"IFC"**3-
53960	"IFC"**2-
53961	"m~C-"*+*
53962	"IFC"**
53963	"IFC"**1+
53964	"g~R'"*+*
53965	"IFC"**3+
53966	":~m5"*+*
53967	"}S!"**
53968	"~}J%"**+
53969	"IFC"**7+
5396A	"E~|'"*+*
5396B	"IFC"**9+
5396C	"jU&"**
5396D	"}S!"**6+
5396E	"}S!"**7+
5396F	"Y~=="*+*
53970	"}S!"**9+
53971	"jU&"**5+
53972	"jU&"**6+
53973	"jU&"**7+
53974	"jU&"**8+
53975	"jU&"**9+
53976	"q~X!"*+*
53977	"kP("**9-
53978	"kP("**8-
53979	"=~];"*+*
5397A	"kP("**6-
5397B	"//{ "+**
5397C	"kP("**4-
5397D	"kP("**3-
5397E	"kP("**2-
5397F	"kP("**1-
53980	"kP("**
53981	"kP("**1+
53982	"kP("**2+
53983	"kP("**3+
53984	"kP("**4+
53985	"i~_!"*+*
53986	"kP("**6+
53987	"kP("**7+
53988	"kP("**8+
53989	"kP("**9+
5398A	"a~\%"*+*
5398B	"6UO3"**\-
5398C	"5UO3"**\-
5398D	"4UO3"**\-
5398E	"3UO3"**\-
5398F	"2UO3"**\-
53990	"1UO3"**\-
53991	"0UO3"**\-
53992	"/UO3"**\-
53993	".UO3"**\-
53994	"N~h)"*+*
53995	",UO3"**\-
53996	"+UO3"**\-
53997	"{:0"**9-
53998	"\~>:"*+*
53999	"{:0"**7-
5399A	"{:0"**6-
5399B	"{:0"**5-
5399C	"{:0"**4-
5399D	"{:0"**3-
5399E	"y~44"*+*
5399F	"{:0"**1-
539A0	"{:0"**
539A1	"[G5"**
539A2	"{:0"**2+
539A3	"{:0"**3+
539A4	"{:0"**4+
539A5	"{:0"**5+
539A6	"{:0"**6+
539A7	"{:0"**7+
539A8	"{:0"**8+
539A9	"c~e!"*+*
539AA	"[G5"**9+
539AB	"I~S7"*+*
539AC	"<HGC"**\-
539AD	";HGC"**\-
539AE	":HGC"**\-
539AF	"9HGC"**\-
539B0	"8HGC"**\-
539B1	"7HGC"**\-
539B2	"6HGC"**\-
539B3	"5HGC"**\-
539B4	"4HGC"**\-
539B5	"3HGC"**\-
539B6	"2HGC"**\-
539B7	"1HGC"**\-
539B8	"UO3"**9-
539B9	"UO3"**8-
539BA	"S~d("*+*
539BB	"UO3"**6-
539BC	"UO3"**5-
539BD	"UO3"**4-
539BE	"UO3"**3-
539BF	"UO3"**2-
539C0	"@~_7"*+*
539C1	"UO3"**
539C2	"UO3"**1+
539C3	"UO3"**2+
539C4	"~~H$"*+*
539C5	"UO3"**4+
539C6	"s~>."*+*
539C7	"UO3"**6+
539C8	"hY%"**
539C9	"UO3"**8+
539CA	"B~S="*+*
539CB	"g_#"**
539CC	"hY%"**4+
539CD	"hY%"**5+
539CE	"m~:4"*+*
539CF	"hY%"**7+
539D0	"x~>,"*+*
539D1	"hY%"**9+
539D2	"w~@+"*+*
539D3	"g_#"**8+
539D4	"g_#"**9+
539D5	"AUA>"**\-
539D6	"j~E-"*+*
539D7	"?UA>"**\-
539D8	">UA>"**\-
539D9	"/~]M"*+*
539DA	"<UA>"**\-
539DB	";UA>"**\-
539DC	":UA>"**\-
539DD	"9UA>"**\-
539DE	"8UA>"**\-
539DF	";-a "+**
539E0	"HGC"**8-
539E1	"HGC"**7-
539E2	"HGC"**6-
539E3	"HGC"**5-
539E4	"HGC"**4-
539E5	"~}S!"**+
539E6	"HGC"**2-
539E7	"q~S#"*+*
539E8	"HGC"**
539E9	"HGC"**1+
539EA	"~jU&"**+
539EB	"ka!"**
539EC	"HGC"**4+
539ED	"HGC"**5+
539EE	"i~@1"*+*
539EF	"HGC"**7+
539F0	"HGC"**8+
539F1	"9~o5"*+*
539F2	"ka!"**7+
539F3	"ka!"**8+
539F4	"fI."**
539F5	"fI."**1+
539F6	"fI."**2+
539F7	"fI."**3+
539F8	"fI."**4+
539F9	"fI."**5+
539FA	"fI."**6+
539FB	"fI."**7+
539FC	"fI."**8+
539FD	"fI."**9+
539FE	"~kP("**+
539FF	"1zN$"**\-
53A00	"0zN$"**\-
53A01	"/zN$"**\-
53A02	".zN$"**\-
53A03	"?~q/"*+*
53A04	",zN$"**\-
53A05	"+zN$"**\-
53A06	"*zN$"**\-
53A07	")zN$"**\-
53A08	"(zN$"**\-
53A09	"'zN$"**\-
53A0A	"&zN$"**\-
53A0B	"%zN$"**\-
53A0C	"n~S$"*+*
53A0D	"UA>"**9-
53A0E	"UA>"**8-
53A0F	"UA>"**7-
53A10	"UA>"**6-
53A11	"UA>"**5-
53A12	"o~P%"*+*
53A13	"UA>"**3-
53A14	"UA>"**2-
53A15	"UA>"**1-
53A16	"UA>"**
53A17	"UA>"**1+
53A18	"T~h&"*+*
53A19	"UA>"**3+
53A1A	"UA>"**4+
53A1B	"UA>"**5+
53A1C	"UA>"**6+
53A1D	"UA>"**7+
53A1E	"~{:0"**+
53A1F	"UA>"**9+
53A20	" je "**\-
53A21	"Y~I3"*+*
53A22	".b\&"**\-
53A23	"-b\&"**\-
53A24	",b\&"**\-
53A25	"+b\&"**\-
53A26	"*b\&"**\-
53A27	"zN$"**9-
53A28	"zN$"**8-
53A29	"zN$"**7-
53A2A	"zN$"**6-
53A2B	"zN$"**5-
53A2C	"zN$"**4-
53A2D	"zN$"**3-
53A2E	"zN$"**2-
53A2F	"zN$"**1-
53A30	"zN$"**
53A31	"zN$"**1+
53A32	"g~P("*+*
53A33	"zN$"**3+
53A34	"zN$"**4+
53A35	"zN$"**5+
53A36	"zN$"**6+
53A37	"/%~G"+**
53A38	"zN$"**8+
53A39	"zN$"**9+
53A3A	"j e"**6-
53A3B	"j e"**5-
53A3C	"j e"**4-
53A3D	"j e"**3-
53A3E	"j e"**2-
53A3F	"~UO3"**+
53A40	"j e"**
53A41	"j e"**1+
53A42	"j e"**2+
53A43	"j e"**3+
53A44	"j e"**4+
53A45	"j e"**5+
53A46	"~hY%"**+
53A47	"j e"**7+
53A48	"j e"**8+
53A49	"j e"**9+
53A4A	"b\&"**6-
53A4B	"b\&"**5-
53A4C	"b\&"**4-
53A4D	"b\&"**3-
53A4E	"b\&"**2-
53A4F	"b\&"**1-
53A50	"b\&"**
53A51	"b\&"**1+
53A52	"b\&"**2+
53A53	"b\&"**3+
53A54	"b\&"**4+
53A55	"b\&"**5+
53A56	"b\&"**6+
53A57	"`S+"**9-
53A58	"`S+"**8-
53A59	"`S+"**7-
53A5A	"f~=5"*+*
53A5B	"`S+"**5-
53A5C	"`S+"**4-
53A5D	"`S+"**3-
53A5E	"`S+"**2-
53A5F	"`S+"**1-
53A60	"`S+"**
53A61	"`S+"**1+
53A62	"`S+"**2+
53A63	"9~k7"*+*
53A64	"`S+"**4+
53A65	"`S+"**5+
53A66	"^Q-"**
53A67	"`S+"**7+
53A68	"`S+"**8+
53A69	"~ka!"**+
53A6A	"^Q-"**4+
53A6B	"U~G7"*+*
53A6C	"T~C;"*+*
53A6D	"=)i "+**
53A6E	"C~t+"*+*
53A6F	"^Q-"**9+
53A70	" vX!"**\-
53A71	"nY#"**9-
53A72	"~fI."**+
53A73	"nY#"**7-
53A74	"nY#"**6-
53A75	"nY#"**5-
53A76	"G&_ "+**
53A77	"nY#"**3-
53A78	"H~q)"*+*
53A79	"nY#"**1-
53A7A	"nY#"**
53A7B	"nY#"**1+
53A7C	"nY#"**2+
53A7D	"nY#"**3+
53A7E	"nY#"**4+
53A7F	"nY#"**5+
53A80	"nY#"**6+
53A81	"o?1"**
53A82	"nY#"**8+
53A83	"nY#"**9+
53A84	"o?1"**3+
53A85	"o?1"**4+
53A86	"o?1"**5+
53A87	"o?1"**6+
53A88	"o?1"**7+
53A89	"_~;;"*+*
53A8A	"o?1"**9+
53A8B	"y;0"**5-
53A8C	"y;0"**4-
53A8D	"y;0"**3-
53A8E	"y;0"**2-
53A8F	"y;0"**1-
53A90	"y;0"**
53A91	"y;0"**1+
53A92	"y;0"**2+
53A93	"y;0"**3+
53A94	"~UA>"**+
53A95	"y;0"**5+
53A96	"{~L#"*+*
53A97	"y;0"**7+
53A98	"y;0"**8+
53A99	"g~a!"*+*
53A9A	"&~U "**\-
53A9B	"%~U "**\-
53A9C	"r~P$"*+*
53A9D	"eW'"**8-
53A9E	"eW'"**7-
53A9F	"eW'"**6-
53AA0	"eW'"**5-
53AA1	"z55"**9-
53AA2	"z55"**8-
53AA3	"z55"**7-
53AA4	"z55"**6-
53AA5	"eW'"**
53AA6	"J~U5"*+*
53AA7	"z55"**3-
53AA8	"z55"**2-
53AA9	"z55"**1-
53AAA	"z55"**
53AAB	"z55"**1+
53AAC	"z55"**2+
53AAD	"z55"**3+
53AAE	"O~u$"*+*
53AAF	"z55"**5+
53AB0	"z55"**6+
53AB1	"]C7"**
53AB2	"z55"**8+
53AB3	"z55"**9+
53AB4	"]C7"**3+
53AB5	"]C7"**4+
53AB6	"]C7"**5+
53AB7	"]C7"**6+
53AB8	"]C7"**7+
53AB9	"]C7"**8+
53ABA	"]C7"**9+
53ABB	"~D("**5-
53ABC	",~aO"*+*
53ABD	"~D("**3-
53ABE	"~j e"**+
53ABF	"~D("**1-
53AC0	"~D("**
53AC1	"~D("**1+
53AC2	"~D("**2+
53AC3	"E~g/"*+*
53AC4	"^~X("*+*
53AC5	"~D("**5+
53AC6	"~D("**6+
53AC7	"~D("**7+
53AC8	"~D("**8+
53AC9	"q~93"*+*
53ACA	"6hg "**\-
53ACB	";%} "+**
53ACC	"N~a,"*+*
53ACD	"3hg "**\-
53ACE	"2hg "**\-
53ACF	"1hg "**\-
53AD0	"0hg "**\-
53AD1	"/hg "**\-
53AD2	".hg "**\-
53AD3	"-hg "**\-
53AD4	",hg "**\-
53AD5	"+hg "**\-
53AD6	"*hg "**\-
53AD7	")hg "**\-
53AD8	"(hg "**\-
53AD9	"'hg "**\-
53ADA	"&hg "**\-
53ADB	"%hg "**\-
53ADC	"$hg "**\-
53ADD	"#hg "**\-
53ADE	"&GGD"**\-
53ADF	"nR&"**9-
53AE0	"nR&"**8-
53AE1	"nR&"**7-
53AE2	"nR&"**6-
53AE3	"nR&"**5-
53AE4	"nR&"**4-
53AE5	"nR&"**3-
53AE6	"nR&"**2-
53AE7	"nR&"**1-
53AE8	"nR&"**
53AE9	"nR&"**1+
53AEA	"nR&"**2+
53AEB	"nR&"**3+
53AEC	"nR&"**4+
53AED	"nR&"**5+
53AEE	"nR&"**6+
53AEF	"nR&"**7+
53AF0	"nR&"**8+
53AF1	"nR&"**9+
53AF2	"#mU%"**\-
53AF3	"3/o "+**
53AF4	" jb!"**\-
53AF5	" mU%"**\-
53AF6	"6kY$"**\-
53AF7	"h g"**9-
53AF8	"8~m7"*+*
53AF9	"h g"**7-
53AFA	"h g"**6-
53AFB	"h g"**5-
53AFC	"t~E)"*+*
53AFD	"h g"**3-
53AFE	"h g"**2-
53AFF	"h g"**1-
53B00	"h g"**
53B01	"h g"**1+
53B02	"h g"**2+
53B03	"h g"**3+
53B04	"GGD"**
53B05	"h g"**5+
53B06	"vS#"**
53B07	"h g"**7+
53B08	"lE."**
53B09	"h g"**9+
53B0A	"e~V&"*+*
53B0B	"GGD"**7+
53B0C	"GGD"**8+
53B0D	"GGD"**9+
53B0E	"a]&"**
53B0F	"vS#"**9+
53B10	"lE."**8+
53B11	"lE."**9+
53B12	"jb!"**2-
53B13	"jb!"**1-
53B14	"jb!"**
53B15	"mU%"**
53B16	"jb!"**2+
53B17	"jb!"**3+
53B18	"jb!"**4+
53B19	"jb!"**5+
53B1A	"jb!"**6+
53B1B	"jb!"**7+
53B1C	"jb!"**8+
53B1D	"jb!"**9+
53B1E	"mU%"**9+
53B1F	"-|O#"**\-
53B20	"`~A5"*+*
53B21	"+|O#"**\-
53B22	"*|O#"**\-
53B23	"kY$"**9-
53B24	"z~=,"*+*
53B25	"kY$"**7-
53B26	"kY$"**6-
53B27	"kY$"**5-
53B28	"~z55"**+
53B29	"i~I+"*+*
53B2A	"kY$"**2-
53B2B	"kY$"**1-
53B2C	"kY$"**
53B2D	"kY$"**1+
53B2E	"kY$"**2+
53B2F	"~]C7"**+
53B30	"kY$"**4+
53B31	"kY$"**5+
53B32	"kY$"**6+
53B33	"kY$"**7+
53B34	"kY$"**8+
53B35	"c~G/"*+*
53B36	":~YA"*+*
53B37	"wC+"**
53B38	"wC+"**1+
53B39	"wC+"**2+
53B3A	"qR%"**
53B3B	"wC+"**4+
53B3C	"wC+"**5+
53B3D	"wC+"**6+
53B3E	"wC+"**7+
53B3F	"wC+"**8+
53B40	"X~A:"*+*
53B41	";'u "+**
53B42	"qR%"**8+
53B43	"qR%"**9+
53B44	"|O#"**8-
53B45	"|O#"**7-
53B46	"|O#"**6-
53B47	"_~Q+"*+*
53B48	"|O#"**4-
53B49	"|O#"**3-
53B4A	"|O#"**2-
53B4B	"|O#"**1-
53B4C	"|O#"**
53B4D	"|O#"**1+
53B4E	"|O#"**2+
53B4F	"|O#"**3+
53B50	"H~z&"*+*
53B51	"/~kC"*+*
53B52	"|O#"**6+
53B53	"W~m#"*+*
53B54	"|O#"**8+
53B55	"|O#"**9+
53B56	"SQ3"**3-
53B57	"SQ3"**2-
53B58	"SQ3"**1-
53B59	"SQ3"**
53B5A	"SQ3"**1+
53B5B	"SQ3"**2+
53B5C	"SQ3"**3+
53B5D	"SQ3"**4+
53B5E	"SQ3"**5+
53B5F	"SQ3"**6+
53B60	"P~h("*+*
53B61	"MI="**
53B62	"V~u!"*+*
53B63	"MI="**2+
53B64	"MI="**3+
53B65	"MI="**4+
53B66	"~nR&"**+
53B67	"MI="**6+
53B68	"MI="**7+
53B69	"MI="**8+
53B6A	"MI="**9+
53B6B	"ea#"**4-
53B6C	"ea#"**3-
53B6D	"ea#"**2-
53B6E	"ea#"**1-
53B6F	"ea#"**
53B70	"ea#"**1+
53B71	"ea#"**2+
53B72	"ea#"**3+
53B73	"ea#"**4+
53B74	"ea#"**5+
53B75	"ea#"**6+
53B76	"ea#"**7+
53B77	"ea#"**8+
53B78	"ea#"**9+
53B79	"r@/"**7-
53B7A	"C~h0"*+*
53B7B	"r@/"**5-
53B7C	"r@/"**4-
53B7D	"r@/"**3-
53B7E	"r@/"**2-
53B7F	"r@/"**1-
53B80	"r@/"**
53B81	"r@/"**1+
53B82	"r@/"**2+
53B83	"r@/"**3+
53B84	"J~b."*+*
53B85	"r@/"**5+
53B86	"~lE."**+
53B87	"r@/"**7+
53B88	"r@/"**8+
53B89	"r@/"**9+
53B8A	">~s/"*+*
53B8B	"{D)"**1-
53B8C	"{D)"**
53B8D	"7+q "+**
53B8E	"{D)"**2+
53B8F	"u~U!"*+*
53B90	"{D)"**4+
53B91	"{D)"**5+
53B92	"sG*"**
53B93	"~mU%"**+
53B94	"{D)"**8+
53B95	"{D)"**9+
53B96	"sG*"**4+
53B97	"sG*"**5+
53B98	"sG*"**6+
53B99	"sG*"**7+
53B9A	"sG*"**8+
53B9B	"sG*"**9+
53B9C	"A~g2"*+*
53B9D	"__&"**9-
53B9E	"__&"**8-
53B9F	"__&"**7-
53BA0	"__&"**6-
53BA1	"__&"**5-
53BA2	"__&"**4-
53BA3	"__&"**3-
53BA4	"__&"**2-
53BA5	"__&"**1-
53BA6	"__&"**
53BA7	"1~WO"*+*
53BA8	"__&"**2+
53BA9	"__&"**3+
53BAA	"WI6"**
53BAB	"__&"**5+
53BAC	"__&"**6+
53BAD	"__&"**7+
53BAE	"w~54"*+*
53BAF	"/~eG"*+*
53BB0	"WI6"**6+
53BB1	"WI6"**7+
53BB2	"WI6"**8+
53BB3	"WI6"**9+
53BB4	"$db#"**\-
53BB5	")#~q"+**
53BB6	"(^Y)"**\-
53BB7	";~y/"*+*
53BB8	" db#"**\-
53BB9	"%^Y)"**\-
53BBA	"$^Y)"**\-
53BBB	"#^Y)"**\-
53BBC	"~~;,"*+*
53BBD	"!^Y)"**\-
53BBE	" ^Y)"**\-
53BBF	"3v93"**\-
53BC0	"2v93"**\-
53BC1	"1v93"**\-
53BC2	"0v93"**\-
53BC3	"/v93"**\-
53BC4	"n~D,"*+*
53BC5	"gZ%"**9-
53BC6	"gZ%"**8-
53BC7	"gZ%"**7-
53BC8	"|~P!"*+*
53BC9	"gZ%"**5-
53BCA	"~|O#"**+
53BCB	"gZ%"**3-
53BCC	"L~k)"*+*
53BCD	"gZ%"**1-
53BCE	"gZ%"**
53BCF	"}81"**9-
53BD0	"aD4"**
53BD1	"}81"**7-
53BD2	"}81"**6-
53BD3	"}81"**5-
53BD4	"}81"**4-
53BD5	"}81"**3-
53BD6	"}81"**2-
53BD7	"E~_3"*+*
53BD8	"}81"**
53BD9	"}81"**1+
53BDA	"}81"**2+
53BDB	"}81"**3+
53BDC	"}81"**4+
53BDD	"A~e3"*+*
53BDE	"^Y)"**
53BDF	"~MI="**+
53BE0	"l~=2"*+*
53BE1	"}81"**9+
53BE2	"^Y)"**4+
53BE3	"^Y)"**5+
53BE4	"^Y)"**6+
53BE5	"^Y)"**7+
53BE6	"^Y)"**8+
53BE7	"^Y)"**9+
53BE8	"0zL%"**\-
53BE9	"v93"**9-
53BEA	"O~D>"*+*
53BEB	"v93"**7-
53BEC	"v93"**6-
53BED	"~ea#"**+
53BEE	"v93"**4-
53BEF	"m~95"*+*
53BF0	"X~\)"*+*
53BF1	"v93"**1-
53BF2	"v93"**
53BF3	"I%_ "+**
53BF4	"v93"**2+
53BF5	"v93"**3+
53BF6	"v93"**4+
53BF7	"v93"**5+
53BF8	"v93"**6+
53BF9	"v93"**7+
53BFA	"v93"**8+
53BFB	"yQ#"**
53BFC	"yQ#"**1+
53BFD	"yQ#"**2+
53BFE	"~r@/"**+
53BFF	"yQ#"**4+
53C00	"PC@"**
53C01	"yQ#"**6+
53C02	"k~X#"*+*
53C03	"yQ#"**8+
53C04	"u~=."*+*
53C05	"PC@"**5+
53C06	"PC@"**6+
53C07	"PC@"**7+
53C08	"PC@"**8+
53C09	"1~}7"*+*
53C0A	"/eO+"**\-
53C0B	".eO+"**\-
53C0C	"-eO+"**\-
53C0D	",eO+"**\-
53C0E	"+eO+"**\-
53C0F	"zL%"**9-
53C10	"p~Y!"*+*
53C11	"zL%"**7-
53C12	"zL%"**6-
53C13	"zL%"**5-
53C14	"U~U."*+*
53C15	"zL%"**3-
53C16	"zL%"**2-
53C17	"zL%"**1-
53C18	"zL%"**
53C19	"zL%"**1+
53C1A	"zL%"**2+
53C1B	"zL%"**3+
53C1C	"q\!"**
53C1D	"zL%"**5+
53C1E	"[A:"**
53C1F	"zL%"**7+
53C20	"G w "+**
53C21	"zL%"**9+
53C22	"q\!"**6+
53C23	"q\!"**7+
53C24	"~__&"**+
53C25	"q\!"**9+
53C26	"[A:"**8+
53C27	"[A:"**9+
53C28	"*jS'"**\-
53C29	")jS'"**\-
53C2A	"(jS'"**\-
53C2B	"9~SG"*+*
53C2C	"&jS'"**\-
53C2D	"%jS'"**\-
53C2E	"$jS'"**\-
53C2F	"#jS'"**\-
53C30	"eO+"**9-
53C31	"eO+"**8-
53C32	"n~I)"*+*
53C33	"eO+"**6-
53C34	"eO+"**5-
53C35	"eO+"**4-
53C36	"eO+"**3-
53C37	"Y~q!"*+*
53C38	"eO+"**1-
53C39	"eO+"**
53C3A	"~~51"*+*
53C3B	"eO+"**2+
53C3C	"dI/"**
53C3D	"eO+"**4+
53C3E	"eO+"**5+
53C3F	"eO+"**6+
53C40	"eO+"**7+
53C41	"eO+"**8+
53C42	"eO+"**9+
53C43	"C~o-"*+*
53C44	"dI/"**8+
53C45	"dI/"**9+
53C46	"<]Z)"**\-
53C47	";]Z)"**\-
53C48	"X~M1"*+*
53C49	"jS'"**9-
53C4A	"jS'"**8-
53C4B	"jS'"**7-
53C4C	"jS'"**6-
53C4D	"jS'"**5-
53C4E	"jS'"**4-
53C4F	"jS'"**3-
53C50	"jS'"**2-
53C51	"jS'"**1-
53C52	"jS'"**
53C53	"jS'"**1+
53C54	"jS'"**2+
53C55	"}=-"**
53C56	"~}81"**+
53C57	"jS'"**5+
53C58	"t:3"**
53C59	"jS'"**7+
53C5A	"jS'"**8+
53C5B	"jS'"**9+
53C5C	"}=-"**7+
53C5D	"}=-"**8+
53C5E	"}=-"**9+
53C5F	"t:3"**7+
53C60	"t:3"**8+
53C61	"t:3"**9+
53C62	"rV#"**2-
53C63	"rV#"**1-
53C64	"rV#"**
53C65	"rV#"**1+
53C66	"rV#"**2+
53C67	"rV#"**3+
53C68	"rV#"**4+
53C69	"rV#"**5+
53C6A	"rV#"**6+
53C6B	"1/u "+**
53C6C	"rV#"**8+
53C6D	"k~O'"*+*
53C6E	"$a=:"**\-
53C6F	"#a=:"**\-
53C70	"H~t("*+*
53C71	"!a=:"**\-
53C72	" a=:"**\-
53C73	")gD1"**\-
53C74	"(gD1"**\-
53C75	"'gD1"**\-
53C76	"&gD1"**\-
53C77	"%gD1"**\-
53C78	"$gD1"**\-
53C79	"{>-"**9-
53C7A	"{>-"**8-
53C7B	"{>-"**7-
53C7C	"{>-"**6-
53C7D	"{>-"**5-
53C7E	"~PC@"**+
53C7F	"{>-"**3-
53C80	"{>-"**2-
53C81	"{>-"**1-
53C82	"{>-"**
53C83	"{>-"**1+
53C84	"{>-"**2+
53C85	"I~K="*+*
53C86	"{>-"**4+
53C87	"5%~1"+**
53C88	"O~r%"*+*
53C89	"{>-"**7+
53C8A	"{>-"**8+
53C8B	"3~]G"*+*
53C8C	"a=:"**6-
53C8D	"q~G)"*+*
53C8E	"a=:"**4-
53C8F	"a=:"**3-
53C90	"a=:"**2-
53C91	"a=:"**1-
53C92	"a=:"**
53C93	"a=:"**1+
53C94	"a=:"**2+
53C95	"M~G="*+*
53C96	"~zL%"**+
53C97	"xA,"**9-
53C98	"xA,"**8-
53C99	"xA,"**7-
53C9A	"^~K/"*+*
53C9B	"xA,"**5-
53C9C	"gD1"**
53C9D	"xA,"**3-
53C9E	"xA,"**2-
53C9F	"xA,"**1-
53CA0	"xA,"**
53CA1	"xA,"**1+
53CA2	"xA,"**2+
53CA3	"xA,"**3+
53CA4	"xA,"**4+
53CA5	"xA,"**5+
53CA6	"E~e0"*+*
53CA7	"xA,"**7+
53CA8	"xA,"**8+
53CA9	"xA,"**9+
53CAA	"*\[)"**\-
53CAB	")~aU"*+*
53CAC	"(\[)"**\-
53CAD	"'\[)"**\-
53CAE	"G~k,"*+*
53CAF	"W~C9"*+*
53CB0	"$\[)"**\-
53CB1	"#\[)"**\-
53CB2	"%OO7"**\-
53CB3	"!\[)"**\-
53CB4	" \[)"**\-
53CB5	"C^S,"**\-
53CB6	"!OO7"**\-
53CB7	"~eO+"**+
53CB8	"@^S,"**\-
53CB9	"?^S,"**\-
53CBA	">^S,"**\-
53CBB	"=^S,"**\-
53CBC	"<^S,"**\-
53CBD	";^S,"**\-
53CBE	"f~O)"*+*
53CBF	"9^S,"**\-
53CC0	"mC/"**9-
53CC1	"mC/"**8-
53CC2	"mC/"**7-
53CC3	"mC/"**6-
53CC4	"mC/"**5-
53CC5	"mC/"**4-
53CC6	"mC/"**3-
53CC7	"mC/"**2-
53CC8	"(~_Y"*+*
53CC9	"mC/"**
53CCA	"mC/"**1+
53CCB	"mC/"**2+
53CCC	"mC/"**3+
53CCD	"mC/"**4+
53CCE	"I~h,"*+*
53CCF	"mC/"**6+
53CD0	"mC/"**7+
53CD1	"mC/"**8+
53CD2	"mC/"**9+
53CD3	"~}=-"**+
53CD4	"\[)"**
53CD5	"\[)"**1+
53CD6	"\[)"**2+
53CD7	"OO7"**
53CD8	"k~C."*+*
53CD9	"\[)"**5+
53CDA	"\[)"**6+
53CDB	"\[)"**7+
53CDC	"\[)"**8+
53CDD	"\[)"**9+
53CDE	"OO7"**7+
53CDF	"OO7"**8+
53CE0	"D~k."*+*
53CE1	"+zC*"**\-
53CE2	"M~r&"*+*
53CE3	" ge!"**\-
53CE4	"(zC*"**\-
53CE5	"+~aQ"*+*
53CE6	"&zC*"**\-
53CE7	"%zC*"**\-
53CE8	"$zC*"**\-
53CE9	"Y~[)"*+*
53CEA	":ff!"**\-
53CEB	"!zC*"**\-
53CEC	" zC*"**\-
53CED	"7ff!"**\-
53CEE	"u~N$"*+*
53CEF	"^S,"**9-
53CF0	"^S,"**8-
53CF1	"53_ "+**
53CF2	"^S,"**6-
53CF3	"^S,"**5-
53CF4	"^S,"**4-
53CF5	"^S,"**3-
53CF6	"^S,"**2-
53CF7	"^S,"**1-
53CF8	"^S,"**
53CF9	"^S,"**1+
53CFA	"^S,"**2+
53CFB	"^S,"**3+
53CFC	"^S,"**4+
53CFD	"{~A)"*+*
53CFE	"q>1"**
53CFF	"^S,"**7+
53D00	"`~K."*+*
53D01	"^S,"**9+
53D02	"q>1"**4+
53D03	"ge!"**
53D04	"q>1"**6+
53D05	"q>1"**7+
53D06	"q>1"**8+
53D07	"q>1"**9+
53D08	"ge!"**5+
53D09	"-~{="*+*
53D0A	"ge!"**7+
53D0B	"ge!"**8+
53D0C	"zC*"**
53D0D	"zC*"**1+
53D0E	"zC*"**2+
53D0F	"zC*"**3+
53D10	"zC*"**4+
53D11	"zC*"**5+
53D12	"zC*"**6+
53D13	"zC*"**7+
53D14	"zC*"**8+
53D15	"zC*"**9+
53D16	" mZ#"**\-
53D17	"%|G'"**\-
53D18	"$|G'"**\-
53D19	"#|G'"**\-
53D1A	"&tP%"**\-
53D1B	"o~E+"*+*
53D1C	"ff!"**8-
53D1D	"jO)"**9-
53D1E	"~xA,"**+
53D1F	"jO)"**7-
53D20	"jO)"**6-
53D21	"jO)"**5-
53D22	"_~ m"*+*
53D23	"jO)"**3-
53D24	"ff!"**
53D25	"jO)"**1-
53D26	"jO)"**
53D27	"jO)"**1+
53D28	"jO)"**2+
53D29	"jO)"**3+
53D2A	"jO)"**4+
53D2B	"jO)"**5+
53D2C	"jO)"**6+
53D2D	"jO)"**7+
53D2E	"jO)"**8+
53D2F	"[M1"**
53D30	"[M1"**1+
53D31	"[M1"**2+
53D32	"[M1"**3+
53D33	"[M1"**4+
53D34	"[M1"**5+
53D35	"[M1"**6+
53D36	"mZ#"**
53D37	"[M1"**8+
53D38	"[M1"**9+
53D39	"|G'"**3-
53D3A	"|G'"**2-
53D3B	"|G'"**1-
53D3C	"|G'"**
53D3D	"|G'"**1+
53D3E	"|G'"**2+
53D3F	"|G'"**3+
53D40	"tP%"**
53D41	"|G'"**5+
53D42	"|G'"**6+
53D43	"|G'"**7+
53D44	"|G'"**8+
53D45	"|G'"**9+
53D46	"tP%"**6+
53D47	"~mC/"**+
53D48	"r~N%"*+*
53D49	"tP%"**9+
53D4A	"}C)"**5-
53D4B	"}C)"**4-
53D4C	"}C)"**3-
53D4D	"}C)"**2-
53D4E	"}C)"**1-
53D4F	"}C)"**
53D50	"X~@;"*+*
53D51	"}C)"**2+
53D52	"~\[)"**+
53D53	"}C)"**4+
53D54	"a<;"**
53D55	"~OO7"**+
53D56	"}C)"**7+
53D57	"}C)"**8+
53D58	"}C)"**9+
53D59	"pI*"**7-
53D5A	"pI*"**6-
53D5B	"pI*"**5-
53D5C	"pI*"**4-
53D5D	"pI*"**3-
53D5E	"s~A,"*+*
53D5F	"pI*"**1-
53D60	"pI*"**
53D61	"pI*"**1+
53D62	"pI*"**2+
53D63	"u~55"*+*
53D64	"pI*"**4+
53D65	"pI*"**5+
53D66	"yV!"**
53D67	"pI*"**7+
53D68	"eU("**
53D69	"pI*"**9+
53D6A	"yV!"**4+
53D6B	"yV!"**5+
53D6C	"yV!"**6+
53D6D	"yV!"**7+
53D6E	"yV!"**8+
53D6F	"yV!"**9+
53D70	"eU("**8+
53D71	"eU("**9+
53D72	"OE?"**3-
53D73	"OE?"**2-
53D74	"OE?"**1-
53D75	"OE?"**
53D76	"~^S,"**+
53D77	"OE?"**2+
53D78	"{~>+"*+*
53D79	"OE?"**4+
53D7A	"OE?"**5+
53D7B	"OE?"**6+
53D7C	"OE?"**7+
53D7D	"OE?"**8+
53D7E	"OE?"**9+
53D7F	"5^W*"**\-
53D80	"4^W*"**\-
53D81	"wN%"**9-
53D82	"wN%"**8-
53D83	"wN%"**7-
53D84	"wN%"**6-
53D85	"wN%"**5-
53D86	"wN%"**4-
53D87	"wN%"**3-
53D88	"wN%"**2-
53D89	"wN%"**1-
53D8A	"wN%"**
53D8B	"wN%"**1+
53D8C	"wN%"**2+
53D8D	"wN%"**3+
53D8E	"wN%"**4+
53D8F	";~UC"*+*
53D90	"x65"**
53D91	"1+~%"+**
53D92	"C~}("*+*
53D93	"wN%"**9+
53D94	"x65"**4+
53D95	"x65"**5+
53D96	"x65"**6+
53D97	"x65"**7+
53D98	"x65"**8+
53D99	"]~W)"*+*
53D9A	"0vG)"**\-
53D9B	"/vG)"**\-
53D9C	".vG)"**\-
53D9D	"-vG)"**\-
53D9E	"S~D;"*+*
53D9F	"i~U%"*+*
53DA0	"*vG)"**\-
53DA1	")vG)"**\-
53DA2	"(vG)"**\-
53DA3	"m~77"*+*
53DA4	"&vG)"**\-
53DA5	"%vG)"**\-
53DA6	"$vG)"**\-
53DA7	"#vG)"**\-
53DA8	"8q_ "**\-
53DA9	"!vG)"**\-
53DAA	" vG)"**\-
53DAB	"~:/"**9-
53DAC	"~:/"**8-
53DAD	"~[M1"**+
53DAE	"~:/"**6-
53DAF	"~:/"**5-
53DB0	"~:/"**4-
53DB1	"~:/"**3-
53DB2	"~:/"**2-
53DB3	"~:/"**1-
53DB4	"~:/"**
53DB5	"~:/"**1+
53DB6	"~:/"**2+
53DB7	"~:/"**3+
53DB8	"~:/"**4+
53DB9	"~:/"**5+
53DBA	"~:/"**6+
53DBB	"~:/"**7+
53DBC	"~:/"**8+
53DBD	"U~W-"*+*
53DBE	"~tP%"**+
53DBF	"!q_ "**\-
53DC0	" q_ "**\-
53DC1	"vG)"**9-
53DC2	"vG)"**8-
53DC3	"vG)"**7-
53DC4	"vG)"**6-
53DC5	"vG)"**5-
53DC6	"vG)"**4-
53DC7	"vG)"**3-
53DC8	"vG)"**2-
53DC9	"M~U3"*+*
53DCA	"vG)"**
53DCB	"vG)"**1+
53DCC	"}~E&"*+*
53DCD	"vG)"**3+
53DCE	"vG)"**4+
53DCF	"vG)"**5+
53DD0	"vG)"**6+
53DD1	"vG)"**7+
53DD2	"vG)"**8+
53DD3	"vG)"**9+
53DD4	",zX "**\-
53DD5	"+zX "**\-
53DD6	"*zX "**\-
53DD7	"qP&"**9-
53DD8	"qP&"**8-
53DD9	"qP&"**7-
53DDA	"qP&"**6-
53DDB	"qP&"**5-
53DDC	"qP&"**4-
53DDD	"qP&"**3-
53DDE	"qP&"**2-
53DDF	"qP&"**1-
53DE0	"qP&"**
53DE1	"qP&"**1+
53DE2	"qP&"**2+
53DE3	"qP&"**3+
53DE4	"~yV!"**+
53DE5	"[~Y)"*+*
53DE6	"~eU("**+
53DE7	"qP&"**7+
53DE8	"\~X)"*+*
53DE9	"qP&"**9+
53DEA	"n~Q%"*+*
53DEB	"{91"**8-
53DEC	"{91"**7-
53DED	"{91"**6-
53DEE	"{91"**5-
53DEF	"{91"**4-
53DF0	"{91"**3-
53DF1	"{91"**2-
53DF2	"{91"**1-
53DF3	"{91"**
53DF4	"{91"**1+
53DF5	"{91"**2+
53DF6	"{91"**3+
53DF7	"{91"**4+
53DF8	"{91"**5+
53DF9	"{91"**6+
53DFA	"j~Y#"*+*
53DFB	"{91"**8+
53DFC	"l~A/"*+*
53DFD	"z@,"**3-
53DFE	"2~_G"*+*
53DFF	"z@,"**1-
53E00	"z@,"**
53E01	"z@,"**1+
53E02	"z@,"**2+
53E03	"z@,"**3+
53E04	"z@,"**4+
53E05	"z@,"**5+
53E06	"z@,"**6+
53E07	"z@,"**7+
53E08	"z@,"**8+
53E09	"z@,"**9+
53E0A	"^U+"**8-
53E0B	"^U+"**7-
53E0C	"^U+"**6-
53E0D	"^U+"**5-
53E0E	"~x65"**+
53E0F	"^U+"**3-
53E10	"^U+"**2-
53E11	"^U+"**1-
53E12	"^U+"**
53E13	"O~g)"*+*
53E14	"^U+"**2+
53E15	"^U+"**3+
53E16	"aM."**
53E17	"K~c-"*+*
53E18	"C~z)"*+*
53E19	"^U+"**7+
53E1A	"^U+"**8+
53E1B	"^U+"**9+
53E1C	"aM."**6+
53E1D	"aM."**7+
53E1E	"aM."**8+
53E1F	"aM."**9+
53E20	" v[ "**\-
53E21	"#sS$"**\-
53E22	"+uY!"**\-
53E23	"!sS$"**\-
53E24	"b~A4"*+*
53E25	"(uY!"**\-
53E26	"'uY!"**\-
53E27	"&uY!"**\-
53E28	"%uY!"**\-
53E29	"eQ*"**9-
53E2A	"eQ*"**8-
53E2B	"eQ*"**7-
53E2C	"r~L&"*+*
53E2D	"eQ*"**5-
53E2E	"eQ*"**4-
53E2F	"eQ*"**3-
53E30	"eQ*"**2-
53E31	"eQ*"**1-
53E32	"eQ*"**
53E33	"eQ*"**1+
53E34	"eQ*"**2+
53E35	"eQ*"**3+
53E36	"eQ*"**4+
53E37	"v84"**9-
53E38	"v84"**8-
53E39	"v84"**7-
53E3A	"v84"**6-
53E3B	"v84"**5-
53E3C	"v84"**4-
53E3D	"=+c "+**
53E3E	"v84"**2-
53E3F	"v84"**1-
53E40	"v84"**
53E41	"v84"**1+
53E42	"v84"**2+
53E43	"%%~}"+**
53E44	"sS$"**
53E45	"v84"**5+
53E46	"v84"**6+
53E47	"v84"**7+
53E48	"~vG)"**+
53E49	"}~=+"*+*
53E4A	"sS$"**6+
53E4B	"sS$"**7+
53E4C	"sS$"**8+
53E4D	"uY!"**
53E4E	"uY!"**1+
53E4F	"uY!"**2+
53E50	"uY!"**3+
53E51	"q~75"*+*
53E52	"uY!"**5+
53E53	"]~S+"*+*
53E54	"uY!"**7+
53E55	"1~aG"*+*
53E56	"f~E/"*+*
53E57	"yG("**1-
53E58	"yG("**
53E59	"yG("**1+
53E5A	"yG("**2+
53E5B	"yG("**3+
53E5C	"T~A="*+*
53E5D	"yG("**5+
53E5E	"~qP&"**+
53E5F	"yG("**7+
53E60	"yG("**8+
53E61	"yG("**9+
53E62	"WO2"**
53E63	"WO2"**1+
53E64	"j~R&"*+*
53E65	"WO2"**3+
53E66	"WO2"**4+
53E67	"WO2"**5+
53E68	"oV$"**
53E69	"WO2"**7+
53E6A	"WO2"**8+
53E6B	"WO2"**9+
53E6C	"oV$"**4+
53E6D	"oV$"**5+
53E6E	"{~:."*+*
53E6F	"oV$"**7+
53E70	"oV$"**8+
53E71	"oV$"**9+
53E72	"wL&"**6-
53E73	"wL&"**5-
53E74	"N~k("*+*
53E75	"wL&"**3-
53E76	"wL&"**2-
53E77	"a~C3"*+*
53E78	"wL&"**
53E79	"wL&"**1+
53E7A	"z~E'"*+*
53E7B	"wL&"**3+
53E7C	"wL&"**4+
53E7D	"wL&"**5+
53E7E	"~z@,"**+
53E7F	"wL&"**7+
53E80	"x~J%"*+*
53E81	"wL&"**9+
53E82	"kI,"**2-
53E83	"kI,"**1-
53E84	"kI,"**
53E85	"kI,"**1+
53E86	"b~E1"*+*
53E87	"kI,"**3+
53E88	"kI,"**4+
53E89	"kI,"**5+
53E8A	"kI,"**6+
53E8B	"kI,"**7+
53E8C	"kI,"**8+
53E8D	"%~wM"*+*
53E8E	"eS)"**9-
53E8F	"eS)"**8-
53E90	"~^U+"**+
53E91	"eS)"**6-
53E92	"eS)"**5-
53E93	"eS)"**4-
53E94	"d~M+"*+*
53E95	"eS)"**2-
53E96	"eS)"**1-
53E97	"eS)"**
53E98	"eS)"**1+
53E99	"eS)"**2+
53E9A	"eS)"**3+
53E9B	"eS)"**4+
53E9C	"eS)"**5+
53E9D	"eS)"**6+
53E9E	"rC-"**
53E9F	"gG/"**
53EA0	"\~_&"*+*
53EA1	"rC-"**3+
53EA2	"rC-"**4+
53EA3	"rC-"**5+
53EA4	"rC-"**6+
53EA5	"rC-"**7+
53EA6	"rC-"**8+
53EA7	"rC-"**9+
53EA8	"gG/"**9+
53EA9	"~>,"**7-
53EAA	"~>,"**6-
53EAB	"~>,"**5-
53EAC	"~>,"**4-
53EAD	"~>,"**3-
53EAE	"~>,"**2-
53EAF	"~>,"**1-
53EB0	"~>,"**
53EB1	"O~AA"*+*
53EB2	"~>,"**2+
53EB3	"~>,"**3+
53EB4	"~>,"**4+
53EB5	"~>,"**5+
53EB6	"~>,"**6+
53EB7	"s=1"**
53EB8	"~>,"**8+
53EB9	"W~U-"*+*
53EBA	"s=1"**3+
53EBB	"s=1"**4+
53EBC	"s=1"**5+
53EBD	"s=1"**6+
53EBE	"V~O1"*+*
53EBF	"s=1"**8+
53EC0	"R c "+**
53EC1	"}72"**5-
53EC2	"qN'"**
53EC3	"}72"**3-
53EC4	"}72"**2-
53EC5	"}72"**1-
53EC6	"}72"**
53EC7	"}72"**1+
53EC8	"}72"**2+
53EC9	"}72"**3+
53ECA	"}72"**4+
53ECB	"}72"**5+
53ECC	"}72"**6+
53ECD	"}72"**7+
53ECE	"jE/"**
53ECF	"}72"**9+
53ED0	"P~a+"*+*
53ED1	"jE/"**3+
53ED2	"jE/"**4+
53ED3	"jE/"**5+
53ED4	"jE/"**6+
53ED5	"jE/"**7+
53ED6	"jE/"**8+
53ED7	"jE/"**9+
53ED8	"$e\%"**\-
53ED9	"#e\%"**\-
53EDA	"#_M/"**\-
53EDB	"!e\%"**\-
53EDC	" e\%"**\-
53EDD	" _M/"**\-
53EDE	"2tN&"**\-
53EDF	"!OD@"**\-
53EE0	"{A+"**9-
53EE1	"C~[7"*+*
53EE2	"{A+"**7-
53EE3	"{A+"**6-
53EE4	"{A+"**5-
53EE5	"{A+"**4-
53EE6	"{A+"**3-
53EE7	"{A+"**2-
53EE8	"b~Y&"*+*
53EE9	"{A+"**
53EEA	"mS&"**
53EEB	"{A+"**2+
53EEC	"{A+"**3+
53EED	"{A+"**4+
53EEE	"{A+"**5+
53EEF	"k?3"**
53EF0	"{A+"**7+
53EF1	"{A+"**8+
53EF2	"{A+"**9+
53EF3	"mS&"**9+
53EF4	"e\%"**8-
53EF5	"e\%"**7-
53EF6	"[~S,"*+*
53EF7	"e\%"**5-
53EF8	"x~S!"*+*
53EF9	"e\%"**3-
53EFA	"e\%"**2-
53EFB	"e\%"**1-
53EFC	"e\%"**
53EFD	"_M/"**
53EFE	"e\%"**2+
53EFF	"Y~e%"*+*
53F00	"OD@"**
53F01	"e\%"**5+
53F02	"~kI,"**+
53F03	"e\%"**7+
53F04	"e\%"**8+
53F05	"e\%"**9+
53F06	"g~I,"*+*
53F07	"OD@"**7+
53F08	"OD@"**8+
53F09	"OD@"**9+
53F0A	"6~OO"*+*
53F0B	"tN&"**5-
53F0C	"tN&"**4-
53F0D	"tN&"**3-
53F0E	"tN&"**2-
53F0F	"tN&"**1-
53F10	"tN&"**
53F11	"tN&"**1+
53F12	"R~S1"*+*
53F13	"tN&"**3+
53F14	"V~X,"*+*
53F15	"~eS)"**+
53F16	"tN&"**6+
53F17	"tN&"**7+
53F18	"tN&"**8+
53F19	"tN&"**9+
53F1A	"0y:1"**\-
53F1B	"/y:1"**\-
53F1C	".y:1"**\-
53F1D	"~gG/"**+
53F1E	",y:1"**\-
53F1F	"+y:1"**\-
53F20	"p~@."*+*
53F21	"%~gY"*+*
53F22	"f~;7"*+*
53F23	"sA."**7-
53F24	"sA."**6-
53F25	"sA."**5-
53F26	"sA."**4-
53F27	"sA."**3-
53F28	"sA."**2-
53F29	"sA."**1-
53F2A	"sA."**
53F2B	"sA."**1+
53F2C	"|;/"**
53F2D	"G~Y5"*+*
53F2E	"sA."**4+
53F2F	"sA."**5+
53F30	"sA."**6+
53F31	"sA."**7+
53F32	"sA."**8+
53F33	"sA."**9+
53F34	"n~K("*+*
53F35	"~s=1"**+
53F36	"1WC;"**\-
53F37	"!\Y*"**\-
53F38	" \Y*"**\-
53F39	".WC;"**\-
53F3A	"-WC;"**\-
53F3B	",WC;"**\-
53F3C	"+WC;"**\-
53F3D	"S~g'"*+*
53F3E	")WC;"**\-
53F3F	"(WC;"**\-
53F40	"'WC;"**\-
53F41	"y:1"**9-
53F42	"y:1"**8-
53F43	"}~K#"*+*
53F44	"y:1"**6-
53F45	"y:1"**5-
53F46	"y:1"**4-
53F47	"y:1"**3-
53F48	"y:1"**2-
53F49	"y:1"**1-
53F4A	"y:1"**
53F4B	"y:1"**1+
53F4C	"~jE/"**+
53F4D	"y:1"**3+
53F4E	"y:1"**4+
53F4F	"y:1"**5+
53F50	"y:1"**6+
53F51	"y:1"**7+
53F52	"y:1"**8+
53F53	"y:1"**9+
53F54	"\Y*"**4-
53F55	"\Y*"**3-
53F56	"\Y*"**2-
53F57	"\Y*"**1-
53F58	"\Y*"**
53F59	"\Y*"**1+
53F5A	"\Y*"**2+
53F5B	"\Y*"**3+
53F5C	"\Y*"**4+
53F5D	"\Y*"**5+
53F5E	"\Y*"**6+
53F5F	"\Y*"**7+
53F60	"X~>="*+*
53F61	"\Y*"**9+
53F62	"WC;"**5-
53F63	"WC;"**4-
53F64	"WC;"**3-
53F65	"WC;"**2-
53F66	"WC;"**1-
53F67	"WC;"**
53F68	"~mS&"**+
53F69	"WC;"**2+
53F6A	"]V+"**
53F6B	"A%o "+**
53F6C	"WC;"**5+
53F6D	"g?5"**
53F6E	"WC;"**7+
53F6F	"WC;"**8+
53F70	"WC;"**9+
53F71	"]V+"**7+
53F72	"]V+"**8+
53F73	"]V+"**9+
53F74	"g?5"**7+
53F75	"g?5"**8+
53F76	"c~]$"*+*
53F77	"+v75"**\-
53F78	"*v75"**\-
53F79	")v75"**\-
53F7A	"~e\%"**+
53F7B	"1~q="*+*
53F7C	"&v75"**\-
53F7D	"%v75"**\-
53F7E	"~OD@"**+
53F7F	"#v75"**\-
53F80	"@~R@"*+*
53F81	"!v75"**\-
53F82	"r~;1"*+*
53F83	"%|I&"**\-
53F84	"$|I&"**\-
53F85	"#|I&"**\-
53F86	"&~N#"**\-
53F87	"pS%"**9-
53F88	"pS%"**8-
53F89	"#~mY"*+*
53F8A	"pS%"**6-
53F8B	"pS%"**5-
53F8C	"pS%"**4-
53F8D	"pS%"**3-
53F8E	"pS%"**2-
53F8F	"pS%"**1-
53F90	"pS%"**
53F91	"pS%"**1+
53F92	"pS%"**2+
53F93	"pS%"**3+
53F94	"pS%"**4+
53F95	"pS%"**5+
53F96	"pS%"**6+
53F97	"pS%"**7+
53F98	"pS%"**8+
53F99	"pS%"**9+
53F9A	"a~_$"*+*
53F9B	"v75"**7-
53F9C	"v75"**6-
53F9D	"v75"**5-
53F9E	"v75"**4-
53F9F	"v75"**3-
53FA0	"v75"**2-
53FA1	"v75"**1-
53FA2	"v75"**
53FA3	"v75"**1+
53FA4	"v75"**2+
53FA5	"v75"**3+
53FA6	"v75"**4+
53FA7	"v75"**5+
53FA8	"|I&"**
53FA9	"v75"**7+
53FAA	"v75"**8+
53FAB	"v75"**9+
53FAC	"~N#"**
53FAD	"|I&"**5+
53FAE	"|I&"**6+
53FAF	"|I&"**7+
53FB0	"|I&"**8+
53FB1	"|I&"**9+
53FB2	"~N#"**6+
53FB3	"~N#"**7+
53FB4	"~N#"**8+
53FB5	"~N#"**9+
53FB6	"_G3"**5-
53FB7	"_G3"**4-
53FB8	"X~a'"*+*
53FB9	"_G3"**2-
53FBA	"_G3"**1-
53FBB	"_G3"**
53FBC	"_G3"**1+
53FBD	"_G3"**2+
53FBE	"W~t!"*+*
53FBF	"_G3"**4+
53FC0	"}@+"**
53FC1	"_G3"**6+
53FC2	"_G3"**7+
53FC3	"_G3"**8+
53FC4	"_G3"**9+
53FC5	"}@+"**5+
53FC6	"e~R("*+*
53FC7	"}@+"**7+
53FC8	"}@+"**8+
53FC9	"}@+"**9+
53FCA	"#OCA"**\-
53FCB	"5p` "**\-
53FCC	"!OCA"**\-
53FCD	" OCA"**\-
53FCE	"&~qO"*+*
53FCF	"1p` "**\-
53FD0	"0p` "**\-
53FD1	"/p` "**\-
53FD2	".p` "**\-
53FD3	"-p` "**\-
53FD4	"w;1"**9-
53FD5	"w;1"**8-
53FD6	"w;1"**7-
53FD7	"5~_C"*+*
53FD8	"w;1"**5-
53FD9	"w;1"**4-
53FDA	"w;1"**3-
53FDB	"w;1"**2-
53FDC	"w;1"**1-
53FDD	"w;1"**
53FDE	"w;1"**1+
53FDF	"w;1"**2+
53FE0	"h~V%"*+*
53FE1	"w;1"**4+
53FE2	"E~l-"*+*
53FE3	"w;1"**6+
53FE4	"w;1"**7+
53FE5	"~WC;"**+
53FE6	"w;1"**9+
53FE7	"z</"**1-
53FE8	"z</"**
53FE9	"z</"**1+
53FEA	"z</"**2+
53FEB	"?+_ "+**
53FEC	"z</"**4+
53FED	"OCA"**
53FEE	"z</"**6+
53FEF	"z</"**7+
53FF0	"z</"**8+
53FF1	"z</"**9+
53FF2	"OCA"**5+
53FF3	"OCA"**6+
53FF4	"OCA"**7+
53FF5	"OCA"**8+
53FF6	"OCA"**9+
53FF7	"p@0"**9-
53FF8	"t~G("*+*
53FF9	"p@0"**7-
53FFA	"p@0"**6-
53FFB	"p@0"**5-
53FFC	"p@0"**4-
53FFD	"p@0"**3-
53FFE	"p@0"**2-
53FFF	"p@0"**1-
