879000	"``~s"+**4*
879001	"zge"**9+7*
879002	"Au;'!"***+
879003	"Bu;'!"***+
879004	"Cu;'!"***+
879005	"Du;'!"***+
879006	"aVG"**5*3*
879007	"Fu;'!"***+
879008	" UC('"***+
879009	"!UC('"***+
87900A	"Iu;'!"***+
87900B	"#UC('"***+
87900C	"$UC('"***+
87900D	"%UC('"***+
87900E	"&UC('"***+
87900F	"'UC('"***+
879010	"(UC('"***+
879011	")UC('"***+
879012	"~urJ"**+9*
879013	"+UC('"***+
879014	",UC('"***+
879015	"-UC('"***+
879016	".UC('"***+
879017	"/UC('"***+
879018	"0UC('"***+
879019	"1UC('"***+
87901A	"2UC('"***+
87901B	"3UC('"***+
87901C	"4UC('"***+
87901D	"5UC('"***+
87901E	"6UC('"***+
87901F	"7UC('"***+
879020	"8UC('"***+
879021	"9UC('"***+
879022	":UC('"***+
879023	";UC('"***+
879024	"n~pO"*+*9*
879025	"=UC('"***+
879026	">UC('"***+
879027	"?UC('"***+
879028	"@UC('"***+
879029	"AUC('"***+
87902A	"BUC('"***+
87902B	"CUC('"***+
87902C	"DUC('"***+
87902D	"EUC('"***+
87902E	"FUC('"***+
87902F	"GUC('"***+
879030	"HUC('"***+
879031	"IUC('"***+
879032	"JUC('"***+
879033	"KUC('"***+
879034	"LUC('"***+
879035	"MUC('"***+
879036	"NUC('"***+
879037	"OUC('"***+
879038	"PUC('"***+
879039	"QUC('"***+
87903A	"RUC('"***+
87903B	"SUC('"***+
87903C	"zj~g"+**3*
87903D	"UUC('"***+
87903E	"VUC('"***+
87903F	"WUC('"***+
879040	"XUC('"***+
879041	"YUC('"***+
879042	"{>~k"+**5*
879043	"[UC('"***+
879044	"\UC('"***+
879045	"]UC('"***+
879046	"^UC('"***+
879047	"_UC('"***+
879048	"`UC('"***+
879049	"aUC('"***+
87904A	"bUC('"***+
87904B	"~Y77!"***\-
87904C	"}Y77!"***\-
87904D	"|Y77!"***\-
87904E	"w~qm"*+*6*
87904F	"zY77!"***\-
879050	"y~|I"*+*8*
879051	"xY77!"***\-
879052	"wY77!"***\-
879053	"vY77!"***\-
879054	"uY77!"***\-
879055	"tY77!"***\-
879056	"sY77!"***\-
879057	"rY77!"***\-
879058	"Slja"**+8*
879059	"pY77!"***\-
87905A	"oY77!"***\-
87905B	"nY77!"***\-
87905C	"^V} "+**7*
87905D	"lY77!"***\-
87905E	"kY77!"***\-
87905F	"jY77!"***\-
879060	"xS~a"+**4*
879061	"hY77!"***\-
879062	"gY77!"***\-
879063	"fY77!"***\-
879064	"eY77!"***\-
879065	"dY77!"***\-
879066	"cY77!"***\-
879067	"bY77!"***\-
879068	"Ulja"**+8*
879069	"`Y77!"***\-
87906A	"[A~ +"*+**
87906B	"^Y77!"***\-
87906C	"]Y77!"***\-
87906D	"\Y77!"***\-
87906E	"[Y77!"***\-
87906F	"ZY77!"***\-
879070	"Vlja"**+8*
879071	"XY77!"***\-
879072	"WY77!"***\-
879073	"VY77!"***\-
879074	"UY77!"***\-
879075	"TY77!"***\-
879076	"SY77!"***\-
879077	"RY77!"***\-
879078	"Wlja"**+8*
879079	"PY77!"***\-
87907A	"OY77!"***\-
87907B	"NY77!"***\-
87907C	"MY77!"***\-
87907D	"LY77!"***\-
87907E	"KY77!"***\-
87907F	"JY77!"***\-
879080	"kka"**9-8*
879081	"HY77!"***\-
879082	"GY77!"***\-
879083	"FY77!"***\-
879084	"EY77!"***\-
879085	"DY77!"***\-
879086	"CY77!"***\-
879087	"c+~5%"*+**
879088	"kka"**8-8*
879089	"@Y77!"***\-
87908A	"?Y77!"***\-
87908B	">Y77!"***\-
87908C	"=Y77!"***\-
87908D	"<Y77!"***\-
87908E	";Y77!"***\-
87908F	":Y77!"***\-
879090	"g~}r"*+*6*
879091	"8Y77!"***\-
879092	"7Y77!"***\-
879093	"6Y77!"***\-
879094	"mRG"**7*2*
879095	"4Y77!"***\-
879096	"3Y77!"***\-
879097	"2Y77!"***\-
879098	"kka"**6-8*
879099	"tsJ"**7-9*
87909A	"/Y77!"***\-
87909B	".Y77!"***\-
87909C	"-Y77!"***\-
87909D	",Y77!"***\-
87909E	"+Y77!"***\-
87909F	"*Y77!"***\-
8790A0	"kka"**5-8*
8790A1	"(Y77!"***\-
8790A2	"tso"**9-6*
8790A3	"&Y77!"***\-
8790A4	"%Y77!"***\-
8790A5	"$Y77!"***\-
8790A6	"#Y77!"***\-
8790A7	"1s:%$"***\-
8790A8	"tso"**8-6*
8790A9	" Y77!"***\-
8790AA	".s:%$"***\-
8790AB	"u~++)"**+*
8790AC	",s:%$"***\-
8790AD	"+s:%$"***\-
8790AE	"tso"**7-6*
8790AF	")s:%$"***\-
8790B0	"p_~)"+**5*
8790B1	"'s:%$"***\-
8790B2	"&s:%$"***\-
8790B3	"%s:%$"***\-
8790B4	"f~{u"*+*6*
8790B5	"#s:%$"***\-
8790B6	"jq?' "***\-
8790B7	"!s:%$"***\-
8790B8	"kka"**2-8*
8790B9	"gq?' "***\-
8790BA	"tso"**5-6*
8790BB	"eq?' "***\-
8790BC	"dq?' "***\-
8790BD	"tsJ"**3-9*
8790BE	"bq?' "***\-
8790BF	"kka"**8*9-
8790C0	"tso"**4-6*
8790C1	"Y77!"***8-
8790C2	"Y77!"***7-
8790C3	"Y77!"***6-
8790C4	"Y77!"***5-
8790C5	"Y77!"***4-
8790C6	"tso"**3-6*
8790C7	"Y77!"***2-
8790C8	"kka"**8*
8790C9	"Y77!"***
8790CA	"Y77!"***1+
8790CB	"Y77!"***2+
8790CC	"tso"**2-6*
8790CD	"Y77!"***4+
8790CE	"Y77!"***5+
8790CF	"tsJ"**1-9*
8790D0	"kka"**1+8*
8790D1	"Y77!"***8+
8790D2	"tso"**1-6*
8790D3	"1~S;%"**+*
8790D4	"s:%$"***4-
8790D5	"s:%$"***3-
8790D6	"s:%$"***2-
8790D7	"s:%$"***1-
8790D8	"tso"**6*
8790D9	"s:%$"***1+
8790DA	"s:%$"***2+
8790DB	"s:%$"***3+
8790DC	"s:%$"***4+
8790DD	">+"*:*4/5*
8790DE	"tso"**1+6*
8790DF	"s:%$"***7+
8790E0	"kka"**3+8*
8790E1	"uq`"**9-7*
8790E2	">q?' "***\-
8790E3	"=q?' "***\-
8790E4	"tso"**2+6*
8790E5	";q?' "***\-
8790E6	":q?' "***\-
8790E7	"9q?' "***\-
8790E8	"uq`"**8-7*
8790E9	"7q?' "***\-
8790EA	"tso"**3+6*
8790EB	"5q?' "***\-
8790EC	"4q?' "***\-
8790ED	"3q?' "***\-
8790EE	"2q?' "***\-
8790EF	"uq`"**7-7*
8790F0	"tso"**4+6*
8790F1	"eI~s"+**5*
8790F2	".q?' "***\-
8790F3	"tsJ"**3+9*
8790F4	",q?' "***\-
8790F5	"+q?' "***\-
8790F6	"tso"**5+6*
8790F7	")q?' "***\-
8790F8	"kka"**6+8*
8790F9	"'q?' "***\-
8790FA	"&q?' "***\-
8790FB	"%q?' "***\-
8790FC	"tso"**6+6*
8790FD	"uq`"**5-7*
8790FE	"$YG&%"***\-
8790FF	"!q?' "***\-
879100	"kka"**7+8*
879101	"!YG&%"***\-
879102	"tso"**7+6*
879103	"kmA&!"***\-
879104	"uq`"**4-7*
879105	"tsJ"**5+9*
879106	"hmA&!"***\-
879107	"gmA&!"***\-
879108	"tso"**8+6*
879109	"emA&!"***\-
87910A	"dmA&!"***\-
87910B	"uq`"**3-7*
87910C	"bmA&!"***\-
87910D	"amA&!"***\-
87910E	"tso"**9+6*
87910F	"_mA&!"***\-
879110	"kka"**9+8*
879111	"]mA&!"***\-
879112	"O:~1%"*+**
879113	"[mA&!"***\-
879114	"~qh"**2-6*
879115	"YmA&!"***\-
879116	"XmA&!"***\-
879117	"tsJ"**7+9*
879118	"soW"**8+8*
879119	"uq`"**1-7*
87911A	"~}sg"**+6*
87911B	"q?' "***5-
87911C	"q?' "***4-
87911D	"q?' "***3-
87911E	"q?' "***2-
87911F	"q?' "***1-
879120	"~qh"**6*
879121	"q?' "***1+
879122	"YG&%"***
879123	"q?' "***3+
879124	"q?' "***4+
879125	"q?' "***5+
879126	"~qh"**1+6*
879127	"uq`"**1+7*
879128	"~qN"**1+8*
879129	"tsJ"**9+9*
87912A	"YG&%"***8+
87912B	"YG&%"***9+
87912C	"~qh"**2+6*
87912D	"AmA&!"***\-
87912E	"uq`"**2+7*
87912F	"?mA&!"***\-
879130	"~qN"**2+8*
879131	"=mA&!"***\-
879132	"~qh"**3+6*
879133	";mA&!"***\-
879134	":mA&!"***\-
879135	"91~A/"*+**
879136	"8mA&!"***\-
879137	"7mA&!"***\-
879138	"~qh"**4+6*
879139	"5mA&!"***\-
87913A	"4mA&!"***\-
87913B	"qpN"**3+9*
87913C	"uq`"**4+7*
87913D	"1mA&!"***\-
87913E	"~qh"**5+6*
87913F	"/mA&!"***\-
879140	"~qN"**4+8*
879141	"-mA&!"***\-
879142	",mA&!"***\-
879143	"uq`"**5+7*
879144	"~qh"**6+6*
879145	")mA&!"***\-
879146	"(mA&!"***\-
879147	"'mA&!"***\-
879148	"~qN"**5+8*
879149	"%mA&!"***\-
87914A	"~qh"**7+6*
87914B	"#mA&!"***\-
87914C	"dOG0!"***\-
87914D	"qpN"**5+9*
87914E	" mA&!"***\-
87914F	"aOG0!"***\-
879150	"~qh"**8+6*
879151	"uq`"**7+7*
879152	"^OG0!"***\-
879153	"]OG0!"***\-
879154	"\OG0!"***\-
879155	"[OG0!"***\-
879156	"eQ~7"+**6*
879157	"YOG0!"***\-
879158	"X~C+#"**+*
879159	"WOG0!"***\-
87915A	"VOG0!"***\-
87915B	"UOG0!"***\-
87915C	"TOG0!"***\-
87915D	"SOG0!"***\-
87915E	"ROG0!"***\-
87915F	"uq`"**9+7*
879160	"~qN"**8+8*
879161	"OOG0!"***\-
879162	"NOG0!"***\-
879163	"MOG0!"***\-
879164	"LOG0!"***\-
879165	"mA&!"***9-
879166	"mA&!"***8-
879167	"mA&!"***7-
879168	"~qN"**9+8*
879169	"mA&!"***5-
87916A	"mA&!"***4-
87916B	"mA&!"***3-
87916C	"mA&!"***2-
87916D	"mA&!"***1-
87916E	"mA&!"***
87916F	"mA&!"***1+
879170	"mA&!"***2+
879171	"qpN"**9+9*
879172	"mA&!"***4+
879173	"mA&!"***5+
879174	"mA&!"***6+
879175	"mA&!"***7+
879176	"mA&!"***8+
879177	"mA&!"***9+
879178	"8OG0!"***\-
879179	"7OG0!"***\-
87917A	"jCk "+**9*
87917B	"5OG0!"***\-
87917C	"4OG0!"***\-
87917D	"3OG0!"***\-
87917E	"2OG0!"***\-
87917F	"1OG0!"***\-
879180	"0OG0!"***\-
879181	"/OG0!"***\-
879182	".OG0!"***\-
879183	"v^Y"**9-9*
879184	",OG0!"***\-
879185	"+OG0!"***\-
879186	"*OG0!"***\-
879187	")OG0!"***\-
879188	"(OG0!"***\-
879189	"'OG0!"***\-
87918A	"&OG0!"***\-
87918B	"%OG0!"***\-
87918C	"v^Y"**8-9*
87918D	"#OG0!"***\-
87918E	"FY;/$"***\-
87918F	"!OG0!"***\-
879190	" OG0!"***\-
879191	"qU~;"+**5*
879192	"BY;/$"***\-
879193	"AY;/$"***\-
879194	"@Y;/$"***\-
879195	"v^Y"**7-9*
879196	">Y;/$"***\-
879197	"=Y;/$"***\-
879198	"<Y;/$"***\-
879199	";Y;/$"***\-
87919A	":Y;/$"***\-
87919B	"9Y;/$"***\-
87919C	"8Y;/$"***\-
87919D	"7Y;/$"***\-
87919E	"k~d["*+*9*
87919F	"5Y;/$"***\-
8791A0	"4Y;/$"***\-
8791A1	"3Y;/$"***\-
8791A2	"2Y;/$"***\-
8791A3	"1Y;/$"***\-
8791A4	"0Y;/$"***\-
8791A5	"/Y;/$"***\-
8791A6	".Y;/$"***\-
8791A7	"E9~}"+**9*
8791A8	"OG0!"***8-
8791A9	"OG0!"***7-
8791AA	"OG0!"***6-
8791AB	"OG0!"***5-
8791AC	"OG0!"***4-
8791AD	"OG0!"***3-
8791AE	"OG0!"***2-
8791AF	"OG0!"***1-
8791B0	"OG0!"***
8791B1	"OG0!"***1+
8791B2	"OG0!"***2+
8791B3	"OG0!"***3+
8791B4	"OG0!"***4+
8791B5	"OG0!"***5+
8791B6	"OG0!"***6+
8791B7	"OG0!"***7+
8791B8	"OG0!"***8+
8791B9	"v^Y"**3-9*
8791BA	"FpC% "***\-
8791BB	"EpC% "***\-
8791BC	"DpC% "***\-
8791BD	"CpC% "***\-
8791BE	"BpC% "***\-
8791BF	"ApC% "***\-
8791C0	"@pC% "***\-
8791C1	"?pC% "***\-
8791C2	"v^Y"**2-9*
8791C3	"=pC% "***\-
8791C4	"<pC% "***\-
8791C5	";pC% "***\-
8791C6	":pC% "***\-
8791C7	"9pC% "***\-
8791C8	"8pC% "***\-
8791C9	"7pC% "***\-
8791CA	"6pC% "***\-
8791CB	"v^Y"**1-9*
8791CC	"Y;/$"***8-
8791CD	"Y;/$"***7-
8791CE	"Y;/$"***6-
8791CF	"Y;/$"***5-
8791D0	"Y;/$"***4-
8791D1	"Y;/$"***3-
8791D2	"Y;/$"***2-
8791D3	"Y;/$"***1-
8791D4	"v^Y"**9*
8791D5	"Y;/$"***1+
8791D6	"Y;/$"***2+
8791D7	"Y;/$"***3+
8791D8	"Y;/$"***4+
8791D9	"Y;/$"***5+
8791DA	"Y;/$"***6+
8791DB	"Y;/$"***7+
8791DC	"nR~G"+**5*
8791DD	"v^Y"**1+9*
8791DE	"lv7%%"***\-
8791DF	"!pC% "***\-
8791E0	" pC% "***\-
8791E1	"iv7%%"***\-
8791E2	"hv7%%"***\-
8791E3	"gv7%%"***\-
8791E4	"fv7%%"***\-
8791E5	"ev7%%"***\-
8791E6	"v^Y"**2+9*
8791E7	"cv7%%"***\-
8791E8	"bv7%%"***\-
8791E9	"av7%%"***\-
8791EA	"`v7%%"***\-
8791EB	"a#~5/"*+**
8791EC	"^v7%%"***\-
8791ED	"]v7%%"***\-
8791EE	"\v7%%"***\-
8791EF	"v^Y"**3+9*
8791F0	"Zv7%%"***\-
8791F1	"Yv7%%"***\-
8791F2	"Xv7%%"***\-
8791F3	"Wv7%%"***\-
8791F4	"Vv7%%"***\-
8791F5	"Uv7%%"***\-
8791F6	"Tv7%%"***\-
8791F7	"pC% "***9-
8791F8	"v^Y"**4+9*
8791F9	"pC% "***7-
8791FA	"pC% "***6-
8791FB	"pC% "***5-
8791FC	"pC% "***4-
8791FD	"pC% "***3-
8791FE	"pC% "***2-
8791FF	"pC% "***1-
879200	"pC% "***
879201	"v^Y"**5+9*
879202	"pC% "***2+
879203	"pC% "***3+
879204	"pC% "***4+
879205	"pC% "***5+
879206	"pC% "***6+
879207	"pC% "***7+
879208	"pC% "***8+
879209	"pC% "***9+
87920A	"v^Y"**6+9*
87920B	"?v7%%"***\-
87920C	">v7%%"***\-
87920D	"=v7%%"***\-
87920E	"}~m\"*+*7*
87920F	";v7%%"***\-
879210	":v7%%"***\-
879211	"9v7%%"***\-
879212	"8v7%%"***\-
879213	"c]~C"+**5*
879214	"6v7%%"***\-
879215	"5v7%%"***\-
879216	"4v7%%"***\-
879217	"3v7%%"***\-
879218	"2v7%%"***\-
879219	"1v7%%"***\-
87921A	"0v7%%"***\-
87921B	"/v7%%"***\-
87921C	"v^Y"**8+9*
87921D	"-v7%%"***\-
87921E	",v7%%"***\-
87921F	"+v7%%"***\-
879220	"e ~=+"*+**
879221	")v7%%"***\-
879222	"(v7%%"***\-
879223	"'v7%%"***\-
879224	"&v7%%"***\-
879225	"v^Y"**9+9*
879226	"$v7%%"***\-
879227	"#v7%%"***\-
879228	"(pC% "***+
879229	"!v7%%"***\-
87922A	"w~|U"*+*7*
87922B	"+pC% "***+
87922C	"g_~e"+**4*
87922D	"-pC% "***+
87922E	"{~dO"*+*9*
87922F	"/pC% "***+
879230	"0pC% "***+
879231	"1pC% "***+
879232	"2pC% "***+
879233	"3pC% "***+
879234	"yt~U"+**3*
879235	"5pC% "***+
879236	"6pC% "***+
879237	"7pC% "***+
879238	"8pC% "***+
879239	"9pC% "***+
87923A	":pC% "***+
87923B	";pC% "***+
87923C	"<pC% "***+
87923D	"=pC% "***+
87923E	">pC% "***+
87923F	"?pC% "***+
879240	"@pC% "***+
879241	"v7%%"***9-
879242	"v7%%"***8-
879243	"C~O+'"**+*
879244	"v7%%"***6-
879245	"v7%%"***5-
879246	"v7%%"***4-
879247	"v7%%"***3-
879248	"v7%%"***2-
879249	"v7%%"***1-
87924A	"v7%%"***
87924B	"v7%%"***1+
87924C	"v7%%"***2+
87924D	"v7%%"***3+
87924E	"v7%%"***4+
87924F	"v7%%"***5+
879250	"v7%%"***6+
879251	"v7%%"***7+
879252	"v7%%"***8+
879253	"v7%%"***9+
879254	"TpC% "***+
879255	"UpC% "***+
879256	"VpC% "***+
879257	"WpC% "***+
879258	"XpC% "***+
879259	"YpC% "***+
87925A	"ZpC% "***+
87925B	"[pC% "***+
87925C	"\pC% "***+
87925D	"]pC% "***+
87925E	"^pC% "***+
87925F	"_pC% "***+
879260	"`pC% "***+
879261	"apC% "***+
879262	"bpC% "***+
879263	"cpC% "***+
879264	"dpC% "***+
879265	"epC% "***+
879266	"fpC% "***+
879267	"gpC% "***+
879268	"hpC% "***+
879269	"ipC% "***+
87926A	" v7%%"***+
87926B	"!v7%%"***+
87926C	"lpC% "***+
87926D	"#v7%%"***+
87926E	"$v7%%"***+
87926F	"%v7%%"***+
879270	"&v7%%"***+
879271	"'v7%%"***+
879272	"(v7%%"***+
879273	")v7%%"***+
879274	"*v7%%"***+
879275	"+v7%%"***+
879276	",v7%%"***+
879277	"-v7%%"***+
879278	".v7%%"***+
879279	"/v7%%"***+
87927A	"0v7%%"***+
87927B	"1v7%%"***+
87927C	"2v7%%"***+
87927D	"3v7%%"***+
87927E	"~|sY"**+7*
87927F	"5v7%%"***+
879280	"6v7%%"***+
879281	"7v7%%"***+
879282	"8v7%%"***+
879283	"9v7%%"***+
879284	":v7%%"***+
879285	"eG;"**7*3*
879286	"<v7%%"***+
879287	"=v7%%"***+
879288	">v7%%"***+
879289	"?v7%%"***+
87928A	"@v7%%"***+
87928B	"_W~Y"+**5*
87928C	"Bv7%%"***+
87928D	"Cv7%%"***+
87928E	"Dv7%%"***+
87928F	"Ev7%%"***+
879290	"^Uk "+**8*
879291	"Gv7%%"***+
879292	"Hv7%%"***+
879293	"Iv7%%"***+
879294	"Jv7%%"***+
879295	"Kv7%%"***+
879296	"Lv7%%"***+
879297	"Mv7%%"***+
879298	"Nv7%%"***+
879299	"Ov7%%"***+
87929A	"?~qh"**+6*
87929B	"}D=3*"***\-
87929C	"|D=3*"***\-
87929D	"{D=3*"***\-
87929E	"zD=3*"***\-
87929F	"yD=3*"***\-
8792A0	"@~qh"**+6*
8792A1	"wD=3*"***\-
8792A2	"vD=3*"***\-
8792A3	"uD=3*"***\-
8792A4	"tD=3*"***\-
8792A5	"sD=3*"***\-
8792A6	"A~qh"**+6*
8792A7	"qD=3*"***\-
8792A8	"t~hh"*+*7*
8792A9	"oD=3*"***\-
8792AA	"nD=3*"***\-
8792AB	"mD=3*"***\-
8792AC	"B~qh"**+6*
8792AD	"kD=3*"***\-
8792AE	"jD=3*"***\-
8792AF	"iD=3*"***\-
8792B0	"hD=3*"***\-
8792B1	"gD=3*"***\-
8792B2	"C~qh"**+6*
8792B3	"eD=3*"***\-
8792B4	"dD=3*"***\-
8792B5	"cD=3*"***\-
8792B6	"bD=3*"***\-
8792B7	"aD=3*"***\-
8792B8	"nj_ "+**6*
8792B9	"_D=3*"***\-
8792BA	"^D=3*"***\-
8792BB	"]D=3*"***\-
8792BC	"\D=3*"***\-
8792BD	"[D=3*"***\-
8792BE	"E~qh"**+6*
8792BF	"YD=3*"***\-
8792C0	"vh~7"+**4*
8792C1	"WD=3*"***\-
8792C2	"VD=3*"***\-
8792C3	"UD=3*"***\-
8792C4	"r&~7#"*+**
8792C5	"SD=3*"***\-
8792C6	"RD=3*"***\-
8792C7	"zwD"**9-9*
8792C8	"~v7%%"***+
8792C9	"OD=3*"***\-
8792CA	"G~qh"**+6*
8792CB	"MD=3*"***\-
8792CC	"LD=3*"***\-
8792CD	"KD=3*"***\-
8792CE	"JD=3*"***\-
8792CF	"ID=3*"***\-
8792D0	"zwD"**8-9*
8792D1	"GD=3*"***\-
8792D2	"FD=3*"***\-
8792D3	"ED=3*"***\-
8792D4	"DD=3*"***\-
8792D5	"CD=3*"***\-
8792D6	"I~qh"**+6*
8792D7	"AD=3*"***\-
8792D8	"@D=3*"***\-
8792D9	"zff"**9-7*
8792DA	">D=3*"***\-
8792DB	"=D=3*"***\-
8792DC	"J~qh"**+6*
8792DD	";D=3*"***\-
8792DE	":D=3*"***\-
8792DF	"9D=3*"***\-
8792E0	"zff"**8-7*
8792E1	"7D=3*"***\-
8792E2	"zwf"**9-6*
8792E3	"5D=3*"***\-
8792E4	"4D=3*"***\-
8792E5	"3D=3*"***\-
8792E6	"2D=3*"***\-
8792E7	"zff"**7-7*
8792E8	"zwf"**8-6*
8792E9	"/D=3*"***\-
8792EA	".D=3*"***\-
8792EB	"zwD"**5-9*
8792EC	",D=3*"***\-
8792ED	"+D=3*"***\-
8792EE	"zwf"**7-6*
8792EF	")D=3*"***\-
8792F0	"(D=3*"***\-
8792F1	"'D=3*"***\-
8792F2	"&D=3*"***\-
8792F3	"%D=3*"***\-
8792F4	"zwf"**6-6*
8792F5	"zff"**5-7*
8792F6	"zwf"**7-6*8+
8792F7	"!D=3*"***\-
8792F8	" D=3*"***\-
8792F9	"zwf"**6-6*5+
8792FA	"zwf"**5-6*
8792FB	"zwf"**6-6*7+
8792FC	"zff"**4-7*
8792FD	"zwD"**3-9*
8792FE	"zff"**5-7*9+
8792FF	"zwf"**5-6*5+
879300	"zwf"**4-6*
879301	"zwf"**5-6*7+
879302	"zwf"**5-6*8+
879303	"zff"**3-7*
879304	"zff"**4-7*8+
879305	"zff"**4-7*9+
879306	"zwf"**3-6*
879307	"zwf"**4-6*7+
879308	"A{iV"**\-8*
879309	"zw~N"+**5-3*
87930A	"zff"**2-7*
87930B	"zff"**3-7*8+
87930C	"zwf"**2-6*
87930D	"zwf"**3-6*7+
87930E	"zwf"**3-6*8+
87930F	"zwD"**1-9*
879310	"D=3*"***8-
879311	"zff"**1-7*
879312	"zwf"**1-6*
879313	"D=3*"***5-
879314	"D=3*"***4-
879315	"D=3*"***3-
879316	"D=3*"***2-
879317	"D=3*"***1-
879318	"zwf"**6*
879319	"D=3*"***1+
87931A	"D=3*"***2+
87931B	"D=3*"***3+
87931C	"D=3*"***4+
87931D	"D=3*"***5+
87931E	"zwf"**1+6*
87931F	"zff"**1+7*
879320	"D=3*"***8+
879321	"zwD"**1+9*
879322	"h%~;%"*+**6-
879323	"h%~;%"*+**5-
879324	"zwf"**2+6*
879325	"h%~;%"*+**3-
879326	"zff"**2+7*
879327	"h%~;%"*+**1-
879328	"h%~;%"*+**
879329	"h%~;%"*+**1+
87932A	"zwf"**3+6*
87932B	"h%~;%"*+**3+
87932C	"h%~;%"*+**4+
87932D	"zff"**3+7*
87932E	".~CC+"**+*
87932F	"h%~;%"*+**7+
879330	"zwf"**4+6*
879331	"h%~;%"*+**9+
879332	".~CC+"**+*4+
879333	"zwD"**3+9*
879334	"~zge"**+7*
879335	".~CC+"**+*7+
879336	"zwf"**5+6*
879337	".~CC+"**+*9+
879338	" D=3*"***+
879339	"!D=3*"***+
87933A	"_W+"**7+5*5*
87933B	"zff"**5+7*
87933C	"zwf"**6+6*
87933D	"%D=3*"***+
87933E	"&D=3*"***+
87933F	"'D=3*"***+
879340	"(D=3*"***+
879341	")D=3*"***+
879342	"zwf"**7+6*
879343	"+D=3*"***+
879344	",D=3*"***+
879345	"zwD"**5+9*
879346	".D=3*"***+
879347	"/D=3*"***+
879348	"zwf"**8+6*
879349	"zff"**7+7*
87934A	"2D=3*"***+
87934B	"3D=3*"***+
87934C	"4D=3*"***+
87934D	"5D=3*"***+
87934E	"zwf"**9+6*
87934F	"7D=3*"***+
879350	"zff"**8+7*
879351	"9D=3*"***+
879352	":D=3*"***+
879353	";D=3*"***+
879354	"<D=3*"***+
879355	"=D=3*"***+
879356	">D=3*"***+
879357	"?5~A'"*+**
879358	"@D=3*"***+
879359	"AD=3*"***+
87935A	"BD=3*"***+
87935B	"CD=3*"***+
87935C	"DD=3*"***+
87935D	"ED=3*"***+
87935E	"FD=3*"***+
87935F	"GD=3*"***+
879360	"zwD"**8+9*
879361	"ID=3*"***+
879362	"JD=3*"***+
879363	"KD=3*"***+
879364	"LD=3*"***+
879365	"MD=3*"***+
879366	"ND=3*"***+
879367	"OD=3*"***+
879368	"PD=3*"***+
879369	"zwD"**9+9*
87936A	"RD=3*"***+
87936B	"SD=3*"***+
87936C	"TD=3*"***+
87936D	"UD=3*"***+
87936E	"VD=3*"***+
87936F	"WD=3*"***+
879370	"XD=3*"***+
879371	"YD=3*"***+
879372	"ZD=3*"***+
879373	"[D=3*"***+
879374	"\D=3*"***+
879375	"]D=3*"***+
879376	"^D=3*"***+
879377	"_D=3*"***+
879378	"`D=3*"***+
879379	"aD=3*"***+
87937A	"bD=3*"***+
87937B	"cD=3*"***+
87937C	"dD=3*"***+
87937D	"eD=3*"***+
87937E	"fD=3*"***+
87937F	"gD=3*"***+
879380	"hD=3*"***+
879381	"iD=3*"***+
879382	"jD=3*"***+
879383	"kD=3*"***+
879384	"lD=3*"***+
879385	"mD=3*"***+
879386	"nD=3*"***+
879387	"oD=3*"***+
879388	"pD=3*"***+
879389	"qD=3*"***+
87938A	"sO~%"+**6*
87938B	"sD=3*"***+
87938C	"tD=3*"***+
87938D	"uD=3*"***+
87938E	"vD=3*"***+
87938F	"wmi "+**5*
879390	"xD=3*"***+
879391	"yD=3*"***+
879392	"zD=3*"***+
879393	"{D=3*"***+
879394	"|D=3*"***+
879395	"}D=3*"***+
879396	"i~qh"**+6*
879397	"}IE1$"***\-
879398	"|IE1$"***\-
879399	"{IE1$"***\-
87939A	"zIE1$"***\-
87939B	"yIE1$"***\-
87939C	"j~qh"**+6*
87939D	"wIE1$"***\-
87939E	"vIE1$"***\-
87939F	"{y~I"+**3*
8793A0	"tIE1$"***\-
8793A1	"sIE1$"***\-
8793A2	"k~qh"**+6*
8793A3	"qIE1$"***\-
8793A4	"pIE1$"***\-
8793A5	"oIE1$"***\-
8793A6	"nIE1$"***\-
8793A7	"mIE1$"***\-
8793A8	"l~qh"**+6*
8793A9	"kIE1$"***\-
8793AA	"jIE1$"***\-
8793AB	"iIE1$"***\-
8793AC	"hIE1$"***\-
8793AD	"gIE1$"***\-
8793AE	"m~qh"**+6*
8793AF	"eIE1$"***\-
8793B0	"dIE1$"***\-
8793B1	"cIE1$"***\-
8793B2	"bIE1$"***\-
8793B3	"aIE1$"***\-
8793B4	"n~qh"**+6*
8793B5	"_IE1$"***\-
8793B6	"^IE1$"***\-
8793B7	"]IE1$"***\-
8793B8	"\IE1$"***\-
8793B9	"[IE1$"***\-
8793BA	"o~qh"**+6*
8793BB	"YIE1$"***\-
8793BC	"XIE1$"***\-
8793BD	"WIE1$"***\-
8793BE	"VIE1$"***\-
8793BF	"UIE1$"***\-
8793C0	"X~wi"*+*8*
8793C1	"SIE1$"***\-
8793C2	"RIE1$"***\-
8793C3	"QIE1$"***\-
8793C4	"PIE1$"***\-
8793C5	"OIE1$"***\-
8793C6	"q~qh"**+6*
8793C7	"MIE1$"***\-
8793C8	"LIE1$"***\-
8793C9	"KIE1$"***\-
8793CA	"JIE1$"***\-
8793CB	"IIE1$"***\-
8793CC	"~tso"**+6*
8793CD	"GIE1$"***\-
8793CE	"FIE1$"***\-
8793CF	"EIE1$"***\-
8793D0	"da~g"+**4*
8793D1	"CIE1$"***\-
8793D2	"s~qh"**+6*
8793D3	"AIE1$"***\-
8793D4	"@IE1$"***\-
8793D5	"?IE1$"***\-
8793D6	">IE1$"***\-
8793D7	"=IE1$"***\-
8793D8	" zwf"**+6*
8793D9	";IE1$"***\-
8793DA	":IE1$"***\-
8793DB	"9IE1$"***\-
8793DC	"8IE1$"***\-
8793DD	"7IE1$"***\-
8793DE	"!zwf"**+6*
8793DF	"5IE1$"***\-
8793E0	"4IE1$"***\-
8793E1	"3IE1$"***\-
8793E2	"2IE1$"***\-
8793E3	"1IE1$"***\-
8793E4	"v~qh"**+6*
8793E5	"/IE1$"***\-
8793E6	".IE1$"***\-
8793E7	"-IE1$"***\-
8793E8	",IE1$"***\-
8793E9	"+IE1$"***\-
8793EA	"Y~|r"*+*7*
8793EB	")IE1$"***\-
8793EC	"(IE1$"***\-
8793ED	"'IE1$"***\-
8793EE	"&IE1$"***\-
8793EF	"%IE1$"***\-
8793F0	"$zwf"**+6*
8793F1	"S)~G#"*+**
8793F2	"n>544"***\-
8793F3	"!IE1$"***\-
8793F4	" IE1$"***\-
8793F5	"k>544"***\-
8793F6	"%zwf"**+6*
8793F7	"i>544"***\-
8793F8	"h>544"***\-
8793F9	"g>544"***\-
8793FA	"f>544"***\-
8793FB	"e>544"***\-
8793FC	"&zwf"**+6*
8793FD	"c>544"***\-
8793FE	"b>544"***\-
8793FF	"a>544"***\-
879400	"`>544"***\-
879401	"_>544"***\-
879402	"}~tC"*+*9*
879403	"]>544"***\-
879404	"\>544"***\-
879405	"[>544"***\-
879406	"Z>544"***\-
879407	"Y>544"***\-
879408	"(zwf"**+6*
879409	"W>544"***\-
87940A	"V>544"***\-
87940B	"IE1$"***9-
87940C	"IE1$"***8-
87940D	"IE1$"***7-
87940E	"V~;5!"**+*
87940F	"IE1$"***5-
879410	"IE1$"***4-
879411	"IE1$"***3-
879412	"IE1$"***2-
879413	"IE1$"***1-
879414	"IE1$"***
879415	"IE1$"***1+
879416	"IE1$"***2+
879417	"IE1$"***3+
879418	"yCi "+**8*
879419	"IE1$"***5+
87941A	"IE1$"***6+
87941B	"IE1$"***7+
87941C	"IE1$"***8+
87941D	"IE1$"***9+
87941E	"B>544"***\-
87941F	"A>544"***\-
879420	"xk~/"+**4*
879421	"?>544"***\-
879422	"&zff"**+7*
879423	"=>544"***\-
879424	"<>544"***\-
879425	";>544"***\-
879426	"-zwf"**+6*
879427	"9>544"***\-
879428	"8>544"***\-
879429	"7>544"***\-
87942A	"6>544"***\-
87942B	"5>544"***\-
87942C	".zwf"**+6*
87942D	"3>544"***\-
87942E	"2>544"***\-
87942F	"gQG"**5*3*
879430	"0>544"***\-
879431	"/>544"***\-
879432	"/zwf"**+6*
879433	"->544"***\-
879434	",>544"***\-
879435	"+>544"***\-
879436	"*>544"***\-
879437	"q/~q"+**7*
879438	"H~=/+"**+*
879439	"'>544"***\-
87943A	"&>544"***\-
87943B	"%>544"***\-
87943C	"$>544"***\-
87943D	"#>544"***\-
87943E	"1zwf"**+6*
87943F	"!>544"***\-
879440	" >544"***\-
879441	"TW5/)"***\-
879442	"SW5/)"***\-
879443	"RW5/)"***\-
879444	"2zwf"**+6*
879445	"+zff"**+7*
879446	"OW5/)"***\-
879447	"NW5/)"***\-
879448	"MW5/)"***\-
879449	"LW5/)"***\-
87944A	"3zwf"**+6*
87944B	"JW5/)"***\-
87944C	",zff"**+7*
87944D	"HW5/)"***\-
87944E	"GW5/)"***\-
87944F	"FW5/)"***\-
879450	"o~h_"*+*8*
879451	"DW5/)"***\-
879452	"CW5/)"***\-
879453	"-zff"**+7*
879454	"AW5/)"***\-
879455	"@W5/)"***\-
879456	"5zwf"**+6*
879457	">544"***9-
879458	">544"***8-
879459	">544"***7-
87945A	">544"***6-
87945B	">544"***5-
87945C	">544"***4-
87945D	">544"***3-
87945E	">544"***2-
87945F	">544"***1-
879460	">544"***
879461	">544"***1+
879462	">544"***2+
879463	">544"***3+
879464	">544"***4+
879465	">544"***5+
879466	"_^~I"+**5*
879467	">544"***7+
879468	">544"***8+
879469	">544"***9+
87946A	"+W5/)"***\-
87946B	"*W5/)"***\-
87946C	")W5/)"***\-
87946D	"(W5/)"***\-
87946E	"9zwf"**+6*
87946F	"1zff"**+7*
879470	"%W5/)"***\-
879471	"$W5/)"***\-
879472	"#W5/)"***\-
879473	"_IE1$"***+
879474	":zwf"**+6*
879475	" W5/)"***\-
879476	"bIE1$"***+
879477	"cIE1$"***+
879478	"dIE1$"***+
879479	"eIE1$"***+
87947A	"fIE1$"***+
87947B	"gIE1$"***+
87947C	"hIE1$"***+
87947D	"iIE1$"***+
87947E	"jIE1$"***+
87947F	"kIE1$"***+
879480	" >544"***+
879481	"!>544"***+
879482	"nIE1$"***+
879483	"#>544"***+
879484	"$>544"***+
879485	"%>544"***+
879486	"&>544"***+
879487	"'>544"***+
879488	"(>544"***+
879489	")>544"***+
87948A	"*>544"***+
87948B	"k~ya"*+*7*
87948C	"W5/)"***9-
87948D	"W5/)"***8-
87948E	"W5/)"***7-
87948F	"W5/)"***6-
879490	"W5/)"***5-
879491	"W5/)"***4-
879492	"a~xl"*+*7*
879493	"W5/)"***2-
879494	"W5/)"***1-
879495	"W5/)"***
879496	"W5/)"***1+
879497	"W5/)"***2+
879498	"vd~}"+**3*
879499	"W5/)"***4+
87949A	"W5/)"***5+
87949B	"seU"**8-9*
87949C	"W5/)"***7+
87949D	"W5/)"***8+
87949E	"W5/)"***9+
87949F	"qVR$#"***\-
8794A0	"8zff"**+7*
8794A1	"oVR$#"***\-
8794A2	"nVR$#"***\-
8794A3	"mVR$#"***\-
8794A4	"seU"**7-9*
8794A5	"kVR$#"***\-
8794A6	"jVR$#"***\-
8794A7	"iM} "+**7*
8794A8	"hVR$#"***\-
8794A9	"gVR$#"***\-
8794AA	"Czwf"**+6*
8794AB	"eVR$#"***\-
8794AC	"dVR$#"***\-
8794AD	"seU"**6-9*
8794AE	":zff"**+7*
8794AF	"aVR$#"***\-
8794B0	"Dzwf"**+6*
8794B1	"_VR$#"***\-
8794B2	"^VR$#"***\-
8794B3	"]VR$#"***\-
8794B4	"\VR$#"***\-
8794B5	";zff"**+7*
8794B6	"seU"**5-9*
8794B7	"YVR$#"***\-
8794B8	"~kka"**+8*
8794B9	"WVR$#"***\-
8794BA	"VVR$#"***\-
8794BB	"UVR$#"***\-
8794BC	"Fzwf"**+6*
8794BD	"SVR$#"***\-
8794BE	"RVR$#"***\-
8794BF	"seU"**4-9*
8794C0	"PVR$#"***\-
8794C1	"OVR$#"***\-
8794C2	"Gzwf"**+6*
8794C3	"=zff"**+7*
8794C4	"LVR$#"***\-
8794C5	"KVR$#"***\-
8794C6	"JVR$#"***\-
8794C7	"IVR$#"***\-
8794C8	"seU"**3-9*
8794C9	"GVR$#"***\-
8794CA	">zff"**+7*
8794CB	"EVR$#"***\-
8794CC	"DVR$#"***\-
8794CD	"CVR$#"***\-
8794CE	"Izwf"**+6*
8794CF	"AVR$#"***\-
8794D0	"{iV"**8-8*
8794D1	"{xV"**9-7*
8794D2	">VR$#"***\-
8794D3	"=VR$#"***\-
8794D4	"Jzwf"**+6*
8794D5	";VR$#"***\-
8794D6	":VR$#"***\-
8794D7	"9VR$#"***\-
8794D8	"{xV"**8-7*
8794D9	"7VR$#"***\-
8794DA	"seU"**1-9*
8794DB	"seU"**9*8-
8794DC	"seU"**9*7-
8794DD	"seU"**9*6-
8794DE	"seU"**9*5-
8794DF	"{xV"**7-7*
8794E0	"seU"**9*3-
8794E1	"seU"**9*2-
8794E2	"seU"**9*1-
8794E3	"seU"**9*
8794E4	"seU"**9*1+
8794E5	"seU"**9*2+
8794E6	"{xV"**6-7*
8794E7	"seU"**9*4+
8794E8	"seU"**9*5+
8794E9	"seU"**9*6+
8794EA	"seU"**9*7+
8794EB	"seU"**9*8+
8794EC	"seU"**1+9*
8794ED	"{xV"**5-7*
8794EE	"OS=-'"***\-
8794EF	"!VR$#"***\-
8794F0	"{iV"**4-8*
8794F1	"LS=-'"***\-
8794F2	"KS=-'"***\-
8794F3	"JS=-'"***\-
8794F4	"{xV"**4-7*
8794F5	"seU"**2+9*
8794F6	"GS=-'"***\-
8794F7	"FS=-'"***\-
8794F8	"{iV"**3-8*
8794F9	"DS=-'"***\-
8794FA	"CS=-'"***\-
8794FB	"{xV"**3-7*
8794FC	"AS=-'"***\-
8794FD	"@S=-'"***\-
8794FE	"seU"**3+9*
8794FF	">S=-'"***\-
879500	"{iV"**2-8*
879501	"<S=-'"***\-
879502	"{xV"**2-7*
879503	":S=-'"***\-
879504	"9S=-'"***\-
879505	"8S=-'"***\-
879506	"7S=-'"***\-
879507	"seU"**4+9*
879508	"VR$#"***8-
879509	"{xV"**1-7*
87950A	"VR$#"***6-
87950B	"VR$#"***5-
87950C	"VR$#"***4-
87950D	"VR$#"***3-
87950E	"VR$#"***2-
87950F	"VR$#"***1-
879510	"{xV"**7*
879511	"VR$#"***1+
879512	"VR$#"***2+
879513	"VR$#"***3+
879514	"VR$#"***4+
879515	"VR$#"***5+
879516	"VR$#"***6+
879517	"{xV"**1+7*
879518	"VR$#"***8+
879519	"q~mO"*+*9*
87951A	"#S=-'"***\-
87951B	"VR$#"***2+9+
87951C	"!S=-'"***\-
87951D	" S=-'"***\-
87951E	"{xV"**2+7*
87951F	"{p~Y"+**5+3*
879520	"{iV"**2+8*
879521	"VR$#"***8+9+
879522	"seU"**7+9*
879523	"{xV"**2+7*5+
879524	"~VR"**2+5*2*
879525	"{xV"**3+7*
879526	"{xV"**2+7*8+
879527	"{xV"**2+7*9+
879528	"{iV"**3+8*
879529	"~V~&"+**5+5*
87952A	"seU"**7+9*8+
87952B	"seU"**8+9*
87952C	"{xV"**4+7*
87952D	"{xV"**3+7*8+
87952E	"syxf"**\-6*
87952F	"seU"**8+9*4+
879530	" VR$#"***+
879531	"!VR$#"***+
879532	"seU"**8+9*7+
879533	"{xV"**5+7*
879534	"seU"**9+9*
879535	"S=-'"***8-
879536	"S=-'"***7-
879537	"S=-'"***6-
879538	"UI~5"+**8*
879539	"S=-'"***4-
87953A	"{xV"**6+7*
87953B	"S=-'"***2-
87953C	"S=-'"***1-
87953D	"S=-'"***
87953E	"S=-'"***1+
87953F	"S=-'"***2+
879540	"S=-'"***3+
879541	"{xV"**7+7*
879542	"S=-'"***5+
879543	"S=-'"***6+
879544	"S=-'"***7+
879545	"S=-'"***8+
879546	"~tsJ"**+9*
879547	"7VR$#"***+
879548	"{xV"**8+7*
879549	"9VR$#"***+
87954A	":VR$#"***+
87954B	";VR$#"***+
87954C	"<VR$#"***+
87954D	"=VR$#"***+
87954E	"Y~R &"**+*
87954F	"{xV"**9+7*
879550	"@VR$#"***+
879551	"AVR$#"***+
879552	"BVR$#"***+
879553	"CVR$#"***+
879554	"DVR$#"***+
879555	"EVR$#"***+
879556	"s~|X"*+*7*
879557	"GVR$#"***+
879558	"|~ue"*+*6*
879559	"IVR$#"***+
87955A	"JVR$#"***+
87955B	"KVR$#"***+
87955C	"LVR$#"***+
87955D	" S=-'"***+
87955E	"!S=-'"***+
87955F	"OVR$#"***+
879560	"#S=-'"***+
879561	"$S=-'"***+
879562	"%S=-'"***+
879563	"&S=-'"***+
879564	"g[O"**6*2*
879565	"(S=-'"***+
879566	")S=-'"***+
879567	"*S=-'"***+
879568	"+S=-'"***+
879569	",S=-'"***+
87956A	"-S=-'"***+
87956B	".S=-'"***+
87956C	"/S=-'"***+
87956D	"0S=-'"***+
87956E	"1S=-'"***+
87956F	"2S=-'"***+
879570	"3S=-'"***+
879571	"4S=-'"***+
879572	"5S=-'"***+
879573	"6S=-'"***+
879574	"7S=-'"***+
879575	"8S=-'"***+
879576	"9S=-'"***+
879577	":S=-'"***+
879578	";S=-'"***+
879579	"<S=-'"***+
87957A	"=S=-'"***+
87957B	">S=-'"***+
87957C	"?S=-'"***+
87957D	"@S=-'"***+
87957E	"A~a ,"**+*
87957F	"BS=-'"***+
879580	"p^~U"+**4*
879581	"DS=-'"***+
879582	"~YP' "***\-
879583	"}YP' "***\-
879584	"|YP' "***\-
879585	"{YP' "***\-
879586	"zYP' "***\-
879587	"Yzff"**+7*
879588	"xYP' "***\-
879589	"wYP' "***\-
87958A	"vYP' "***\-
87958B	"uYP' "***\-
87958C	"tYP' "***\-
87958D	"sYP' "***\-
87958E	"rYP' "***\-
87958F	"qYP' "***\-
879590	"pYP' "***\-
879591	"oYP' "***\-
879592	"nYP' "***\-
879593	"mYP' "***\-
879594	"lYP' "***\-
879595	"kYP' "***\-
879596	"jYP' "***\-
879597	"iYP' "***\-
879598	"hYP' "***\-
879599	"gYP' "***\-
87959A	"fYP' "***\-
87959B	"eYP' "***\-
87959C	"dYP' "***\-
87959D	"cYP' "***\-
87959E	"bYP' "***\-
87959F	"aYP' "***\-
8795A0	"`YP' "***\-
8795A1	"_YP' "***\-
8795A2	"^YP' "***\-
8795A3	"]YP' "***\-
8795A4	"\YP' "***\-
8795A5	"[YP' "***\-
8795A6	"ZYP' "***\-
8795A7	"YYP' "***\-
8795A8	"XYP' "***\-
8795A9	"WYP' "***\-
8795AA	"VYP' "***\-
8795AB	"UYP' "***\-
8795AC	"TYP' "***\-
8795AD	"SYP' "***\-
8795AE	"RYP' "***\-
8795AF	"QYP' "***\-
8795B0	"PYP' "***\-
8795B1	"OYP' "***\-
8795B2	"NYP' "***\-
8795B3	"MYP' "***\-
8795B4	"LYP' "***\-
8795B5	"a]~G"+**5*
8795B6	"JYP' "***\-
8795B7	"IYP' "***\-
8795B8	"xhY"**9-8*
8795B9	"GYP' "***\-
8795BA	"FYP' "***\-
8795BB	"EYP' "***\-
8795BC	"DYP' "***\-
8795BD	"CYP' "***\-
8795BE	"BYP' "***\-
8795BF	"AYP' "***\-
8795C0	"xhY"**8-8*
8795C1	"?YP' "***\-
8795C2	">YP' "***\-
8795C3	"=YP' "***\-
8795C4	"<YP' "***\-
8795C5	";YP' "***\-
8795C6	":YP' "***\-
8795C7	"9YP' "***\-
8795C8	"xhY"**7-8*
8795C9	"7YP' "***\-
8795CA	"6YP' "***\-
8795CB	"5YP' "***\-
8795CC	"4YP' "***\-
8795CD	"3YP' "***\-
8795CE	"2YP' "***\-
8795CF	"1YP' "***\-
8795D0	"xhY"**6-8*
8795D1	"/YP' "***\-
8795D2	".YP' "***\-
8795D3	"-YP' "***\-
8795D4	",YP' "***\-
8795D5	"+YP' "***\-
8795D6	"*YP' "***\-
8795D7	")YP' "***\-
8795D8	"(~G;5"**+*
8795D9	"'YP' "***\-
8795DA	"&YP' "***\-
8795DB	"%YP' "***\-
8795DC	"$YP' "***\-
8795DD	"#YP' "***\-
8795DE	"4e>+!"***\-
8795DF	"!YP' "***\-
8795E0	"xhY"**4-8*
8795E1	"1e>+!"***\-
8795E2	"wrc "+**5*
8795E3	"/e>+!"***\-
8795E4	".e>+!"***\-
8795E5	"-e>+!"***\-
8795E6	",e>+!"***\-
8795E7	"+%~g5"*+**
8795E8	"xhY"**3-8*
8795E9	")e>+!"***\-
8795EA	"(e>+!"***\-
8795EB	"'e>+!"***\-
8795EC	"&e>+!"***\-
8795ED	"%e>+!"***\-
8795EE	"$e>+!"***\-
8795EF	"#e>+!"***\-
8795F0	"xhY"**2-8*
8795F1	"!e>+!"***\-
8795F2	" e>+!"***\-
8795F3	"xhY"**2-8*3+
8795F4	"zz~I"+**3*
8795F5	"xhY"**2-8*5+
8795F6	"h`Y"**1-5*2*
8795F7	"YP' "***9-
8795F8	"xhY"**1-8*
8795F9	"YP' "***7-
8795FA	"v~{C"*+*9*
8795FB	"YP' "***5-
8795FC	"YP' "***4-
8795FD	"YP' "***3-
8795FE	"YP' "***2-
8795FF	"YP' "***1-
879600	"xhY"**8*
879601	"YP' "***1+
879602	"YP' "***2+
879603	"YP' "***3+
879604	"YP' "***4+
879605	"YP' "***5+
879606	"YP' "***6+
879607	"YP' "***7+
879608	"xhY"**1+8*
879609	"YP' "***9+
87960A	"e>+!"***8-
87960B	"e>+!"***7-
87960C	"o~vp"*+*6*
87960D	"e>+!"***5-
87960E	"e>+!"***4-
87960F	"e>+!"***3-
879610	"xhY"**2+8*
879611	"e>+!"***1-
879612	"e>+!"***
879613	"e>+!"***1+
879614	"e>+!"***2+
879615	"Q3~--"*+**
879616	"e>+!"***4+
879617	"e>+!"***5+
879618	"xhY"**3+8*
879619	"e>+!"***7+
87961A	"e>+!"***8+
87961B	"e>+!"***9+
87961C	"Q3~--"*+**7+
87961D	"Q3~--"*+**8+
87961E	"Z~A)%"**+*
87961F	"Z~A)%"**+*1+
879620	"xhY"**4+8*
879621	"!YP' "***+
879622	"~_O% "***\-
879623	"}_O% "***\-
879624	"|_O% "***\-
879625	"{_O% "***\-
879626	"z_O% "***\-
879627	"y_O% "***\-
879628	"xhY"**5+8*
879629	"w_O% "***\-
87962A	"v_O% "***\-
87962B	"u_O% "***\-
87962C	"t_O% "***\-
87962D	"s_O% "***\-
87962E	"r_O% "***\-
87962F	"q_O% "***\-
879630	"xhY"**6+8*
879631	"=%~g%"*+**
879632	"n_O% "***\-
879633	"m_O% "***\-
879634	"4~GA%"**+*
879635	"k_O% "***\-
879636	"j_O% "***\-
879637	"i_O% "***\-
879638	"xhY"**7+8*
879639	"g_O% "***\-
87963A	"f_O% "***\-
87963B	"e_O% "***\-
87963C	"s^i "+**6*
87963D	"5+~M1"*+**
87963E	"b_O% "***\-
87963F	"a_O% "***\-
879640	"xhY"**8+8*
879641	"__O% "***\-
879642	"~v^Y"**+9*
879643	"]_O% "***\-
879644	"\_O% "***\-
879645	"[_O% "***\-
879646	"Z_O% "***\-
879647	"Y_O% "***\-
879648	"xhY"**9+8*
879649	"W_O% "***\-
87964A	"V_O% "***\-
87964B	"U_O% "***\-
87964C	"T_O% "***\-
87964D	"S_O% "***\-
87964E	"R_O% "***\-
87964F	"Q_O% "***\-
879650	"P_O% "***\-
879651	"O_O% "***\-
879652	"N_O% "***\-
879653	"M_O% "***\-
879654	"L_O% "***\-
879655	"K_O% "***\-
879656	"J_O% "***\-
879657	"I_O% "***\-
879658	"H_O% "***\-
879659	"G_O% "***\-
87965A	"F_O% "***\-
87965B	"E_O% "***\-
87965C	"D_O% "***\-
87965D	"C_O% "***\-
87965E	"B_O% "***\-
87965F	"A_O% "***\-
879660	"p*~+)"*+**
879661	"?_O% "***\-
879662	">_O% "***\-
879663	"=_O% "***\-
879664	"<_O% "***\-
879665	";_O% "***\-
879666	":_O% "***\-
879667	"9_O% "***\-
879668	"8_O% "***\-
879669	"7_O% "***\-
87966A	"6_O% "***\-
87966B	"5_O% "***\-
87966C	"q~vn"*+*6*
87966D	"3_O% "***\-
87966E	"2_O% "***\-
87966F	"1_O% "***\-
879670	"0_O% "***\-
879671	"/_O% "***\-
879672	"._O% "***\-
879673	"-_O% "***\-
879674	",_O% "***\-
879675	"+_O% "***\-
879676	"*_O% "***\-
879677	")_O% "***\-
879678	"(_O% "***\-
879679	"'_O% "***\-
87967A	"&_O% "***\-
87967B	"%_O% "***\-
87967C	"$_O% "***\-
87967D	"#_O% "***\-
87967E	"le>+!"***+
87967F	"!_O% "***\-
879680	" _O% "***\-
879681	"oe>+!"***+
879682	"pe>+!"***+
879683	"qe>+!"***+
879684	"re>+!"***+
879685	"se>+!"***+
879686	"te>+!"***+
879687	"ue>+!"***+
879688	"ve>+!"***+
879689	"we>+!"***+
87968A	"m~x`"*+*7*
87968B	"ye>+!"***+
87968C	"ze>+!"***+
87968D	"{e>+!"***+
87968E	"|e>+!"***+
87968F	"}e>+!"***+
879690	"~e>+!"***+
879691	"Ytr`"**\-7*
879692	"we>+!"***+9+
879693	"%yxD"**\-9*
879694	"ye>+!"***+9+
879695	"ze>+!"***+9+
879696	"7yxf"**\-6*
879697	"_O %"***9-
879698	"_O %"***8-
879699	"_O %"***7-
87969A	"_O %"***6-
87969B	"_O %"***5-
87969C	"_O %"***4-
87969D	"_O %"***3-
87969E	"_O %"***2-
87969F	"_O %"***1-
8796A0	"_O %"***
8796A1	"_O %"***1+
8796A2	"_O %"***2+
8796A3	"_O %"***3+
8796A4	"_O %"***4+
8796A5	"_O %"***5+
8796A6	"_O %"***6+
8796A7	"_O %"***7+
8796A8	"_O %"***8+
8796A9	"_O %"***9+
8796AA	"_O %"***1+9+
8796AB	"=;~G!"*+**
8796AC	"_O %"***3+9+
8796AD	"Utr`"**\-7*
8796AE	"3yxf"**\-6*
8796AF	"_O %"***6+9+
8796B0	"&ylU"**\-8*
8796B1	"_O %"***8+9+
8796B2	"_O %"***9+9+
8796B3	"=;~G!"*+**8+
8796B4	"2yxf"**\-6*
8796B5	"Utr`"**\-7*8+
8796B6	"h]'##"***\-2*
8796B7	"!yxD"**\-9*
8796B8	"%ylU"**\-8*
8796B9	"je~("+**7-5*
8796BA	"1yxf"**\-6*
8796BB	"Str`"**\-7*
8796BC	" _O% "***+4-
8796BD	" _O% "***+3-
8796BE	"jeS"**3-5*2*
8796BF	" _O% "***+1-
8796C0	" _O% "***+
8796C1	"!_O% "***+
8796C2	"Rtr`"**\-7*
8796C3	"#_O% "***+
8796C4	"$_O% "***+
8796C5	"%_O% "***+
8796C6	"&_O% "***+
8796C7	"'_O% "***+
8796C8	"(_O% "***+
8796C9	")_O% "***+
8796CA	"*_O% "***+
8796CB	"+_O% "***+
8796CC	",_O% "***+
8796CD	"-_O% "***+
8796CE	"._O% "***+
8796CF	"/_O% "***+
8796D0	"0_O% "***+
8796D1	"1_O% "***+
8796D2	"2_O% "***+
8796D3	"3_O% "***+
8796D4	"4_O% "***+
8796D5	"5_O% "***+
8796D6	"6_O% "***+
8796D7	"7_O% "***+
8796D8	"8_O% "***+
8796D9	"9_O% "***+
8796DA	":_O% "***+
8796DB	";_O% "***+
8796DC	"jeS"**5*2*
8796DD	"=_O% "***+
8796DE	">_O% "***+
8796DF	"?_O% "***+
8796E0	"@_O% "***+
8796E1	"A_O% "***+
8796E2	"B_O% "***+
8796E3	"C_O% "***+
8796E4	"D_O% "***+
8796E5	"E_O% "***+
8796E6	"F_O% "***+
8796E7	"G_O% "***+
8796E8	"H_O% "***+
8796E9	"I_O% "***+
8796EA	"J_O% "***+
8796EB	"K_O% "***+
8796EC	"L~G/#"**+*
8796ED	"M_O% "***+
8796EE	"N_O% "***+
8796EF	"O_O% "***+
8796F0	"}~xI"*+*8*
8796F1	"Q_O% "***+
8796F2	"R_O% "***+
8796F3	"S_O% "***+
8796F4	"T_O% "***+
8796F5	"U_O% "***+
8796F6	"V_O% "***+
8796F7	"W_O% "***+
8796F8	"X_O% "***+
8796F9	"Y_O% "***+
8796FA	"Z_O% "***+
8796FB	"[_O% "***+
8796FC	"\_O% "***+
8796FD	"]_O% "***+
8796FE	"^_O% "***+
8796FF	"__O% "***+
879700	"`_O% "***+
879701	"a_O% "***+
879702	"b_O% "***+
879703	"c_O% "***+
879704	"d_O% "***+
879705	"e_O% "***+
879706	"f_O% "***+
879707	"g_O% "***+
879708	"~~rf"*+*6*
879709	"}u>##"***\-
87970A	"|u>##"***\-
87970B	"{u>##"***\-
87970C	"zu>##"***\-
87970D	"yu>##"***\-
87970E	"xu>##"***\-
87970F	"M%~I)"*+**
879710	"vu>##"***\-
879711	"uu>##"***\-
879712	"tu>##"***\-
879713	"su>##"***\-
879714	"ru>##"***\-
879715	"qu>##"***\-
879716	"pu>##"***\-
879717	"ou>##"***\-
879718	"nu>##"***\-
879719	"mu>##"***\-
87971A	"lu>##"***\-
87971B	"ku>##"***\-
87971C	"ju>##"***\-
87971D	"iu>##"***\-
87971E	"~_O %"***+
87971F	"gu>##"***\-
879720	"fu>##"***\-
879721	"eu>##"***\-
879722	"du>##"***\-
879723	"cu>##"***\-
879724	"bu>##"***\-
879725	"au>##"***\-
879726	"`u>##"***\-
879727	"_u>##"***\-
879728	"^u>##"***\-
879729	"]u>##"***\-
87972A	"\u>##"***\-
87972B	"[u>##"***\-
87972C	"Zu>##"***\-
87972D	"Yu>##"***\-
87972E	"Xu>##"***\-
87972F	"Wu>##"***\-
879730	"Vu>##"***\-
879731	"Uu>##"***\-
879732	"Tu>##"***\-
879733	"Su>##"***\-
879734	"Ru>##"***\-
879735	"Qu>##"***\-
879736	"Pu>##"***\-
879737	"Ou>##"***\-
879738	"Nu>##"***\-
879739	"Mu>##"***\-
87973A	"Lu>##"***\-
87973B	"Ku>##"***\-
87973C	"Ju>##"***\-
87973D	"Iu>##"***\-
87973E	"Hu>##"***\-
87973F	"Gu>##"***\-
879740	"Fu>##"***\-
879741	"Eu>##"***\-
879742	"Du>##"***\-
879743	"Cu>##"***\-
879744	"Bu>##"***\-
879745	"Au>##"***\-
879746	"@u>##"***\-
879747	"?u>##"***\-
879748	">u>##"***\-
879749	"=u>##"***\-
87974A	"<u>##"***\-
87974B	";u>##"***\-
87974C	":u>##"***\-
87974D	"9u>##"***\-
87974E	"qRi "+**7*
87974F	"7u>##"***\-
879750	"6u>##"***\-
879751	"5u>##"***\-
879752	"4u>##"***\-
879753	"3u>##"***\-
879754	"2u>##"***\-
879755	"11~A7"*+**
879756	"0u>##"***\-
879757	"/u>##"***\-
879758	".u>##"***\-
879759	"o~oO"*+*9*
87975A	",u>##"***\-
87975B	"+u>##"***\-
87975C	"vM~%"+**6*
87975D	")u>##"***\-
87975E	"(u>##"***\-
87975F	"'u>##"***\-
879760	"&u>##"***\-
879761	"%u>##"***\-
879762	"$u>##"***\-
879763	"#u>##"***\-
879764	"mY~g"+**4*
879765	"!u>##"***\-
879766	" u>##"***\-
879767	"ycU! "***\-
879768	"xcU! "***\-
879769	"wcU! "***\-
87976A	"vcU! "***\-
87976B	"ucU! "***\-
87976C	"tcU! "***\-
87976D	"scU! "***\-
87976E	"rcU! "***\-
87976F	"qcU! "***\-
879770	"pcU! "***\-
879771	"ocU! "***\-
879772	"ncU! "***\-
879773	"mcU! "***\-
879774	"lcU! "***\-
879775	"kcU! "***\-
879776	"jcU! "***\-
879777	"icU! "***\-
879778	"hcU! "***\-
879779	"gcU! "***\-
87977A	"fcU! "***\-
87977B	"ecU! "***\-
87977C	"dcU! "***\-
87977D	"u>##"***9-
87977E	"u>##"***8-
87977F	"u>##"***7-
879780	"u>##"***6-
879781	"u>##"***5-
879782	"u>##"***4-
879783	"u>##"***3-
879784	"u>##"***2-
879785	"u>##"***1-
879786	"u>##"***
879787	"u>##"***1+
879788	"u>##"***2+
879789	"u>##"***3+
87978A	"u>##"***4+
87978B	"u>##"***5+
87978C	"u>##"***6+
87978D	"u>##"***7+
87978E	"u>##"***8+
87978F	"yxD"**9-9*
879790	"PcU! "***\-
879791	"OcU! "***\-
879792	"NcU! "***\-
879793	"McU! "***\-
879794	"LcU! "***\-
879795	"KcU! "***\-
879796	"JcU! "***\-
879797	"IcU! "***\-
879798	"ylU"**9-8*
879799	"GcU! "***\-
87979A	"FcU! "***\-
87979B	"EcU! "***\-
87979C	"DcU! "***\-
87979D	"CcU! "***\-
87979E	"BcU! "***\-
87979F	"AcU! "***\-
8797A0	"R~zn"*+*8*
8797A1	"yxD"**7-9*
8797A2	">cU! "***\-
8797A3	"%%~_C"*+**
8797A4	"<cU! "***\-
8797A5	";cU! "***\-
8797A6	":cU! "***\-
8797A7	"9cU! "***\-
8797A8	"ylU"**7-8*
8797A9	"7cU! "***\-
8797AA	"yxf"**9-6*
8797AB	"5cU! "***\-
8797AC	"4cU! "***\-
8797AD	"3cU! "***\-
8797AE	"2cU! "***\-
8797AF	"1cU! "***\-
8797B0	"yxf"**8-6*
8797B1	"/cU! "***\-
8797B2	".cU! "***\-
8797B3	"yxD"**5-9*
8797B4	",cU! "***\-
8797B5	"+cU! "***\-
8797B6	"yxf"**7-6*
8797B7	")cU! "***\-
8797B8	"ylU"**5-8*
8797B9	"'cU! "***\-
8797BA	"&cU! "***\-
8797BB	"%cU! "***\-
8797BC	"yxf"**6-6*
8797BD	"#cU! "***\-
8797BE	"T^I%#"***\-
8797BF	"q!~=%"*+**
8797C0	"ylU"**4-8*
8797C1	"Q^I%#"***\-
8797C2	"yxf"**5-6*
8797C3	"O^I%#"***\-
8797C4	"N^I%#"***\-
8797C5	"yxD"**3-9*
8797C6	"L^I%#"***\-
8797C7	"K^I%#"***\-
8797C8	"yxf"**4-6*
8797C9	"I^I%#"***\-
8797CA	"H^I%#"***\-
8797CB	"G^I%#"***\-
8797CC	"F^I%#"***\-
8797CD	"E^I%#"***\-
8797CE	"yxf"**3-6*
8797CF	"C^I%#"***\-
8797D0	"ylU"**2-8*
8797D1	"A^I%#"***\-
8797D2	"@^I%#"***\-
8797D3	"?^I%#"***\-
8797D4	"yxf"**2-6*
8797D5	"=^I%#"***\-
8797D6	"<^I%#"***\-
8797D7	"yxD"**1-9*
8797D8	"ylU"**1-8*
8797D9	"cU! "***7-
8797DA	"yxf"**1-6*
8797DB	"cU! "***5-
8797DC	"cU! "***4-
8797DD	"cU! "***3-
8797DE	"cU! "***2-
8797DF	"cU! "***1-
8797E0	"yxf"**6*
8797E1	"cU! "***1+
8797E2	"cU! "***2+
8797E3	"cU! "***3+
8797E4	"cU! "***4+
8797E5	"cU! "***5+
8797E6	"yxf"**1+6*
8797E7	"cU! "***7+
8797E8	"ylU"**1+8*
8797E9	"yxD"**1+9*
8797EA	"(^I%#"***\-
8797EB	"'^I%#"***\-
8797EC	"yxf"**2+6*
8797ED	"%^I%#"***\-
8797EE	"$^I%#"***\-
8797EF	"#^I%#"***\-
8797F0	"ylU"**2+8*
8797F1	"!^I%#"***\-
8797F2	"yxf"**3+6*
8797F3	"uaW"**9*8-
8797F4	"uaW"**9*7-
8797F5	"uaW"**9*6-
8797F6	"M&~G)"*+**
8797F7	"uaW"**9*4-
8797F8	"yxf"**4+6*
8797F9	"uaW"**9*2-
8797FA	"uaW"**9*1-
8797FB	"uaW"**9*
8797FC	"uaW"**9*1+
8797FD	"uaW"**9*2+
8797FE	"yxf"**5+6*
8797FF	"uaW"**9*4+
