7D3000	"pj2+$"***\-
7D3001	"oj2+$"***\-
7D3002	"&{ts"**+5*
7D3003	"mj2+$"***\-
7D3004	"Ryqd"**+6*
7D3005	"kj2+$"***\-
7D3006	"jj2+$"***\-
7D3007	"_!~5/"*+**
7D3008	"hj2+$"***\-
7D3009	"gj2+$"***\-
7D300A	"Syqd"**+6*
7D300B	"ej2+$"***\-
7D300C	"({ts"**+5*
7D300D	"S?~'%"*+**
7D300E	"bj2+$"***\-
7D300F	"aj2+$"***\-
7D3010	"Tyqd"**+6*
7D3011	"){ts"**+5*
7D3012	"^j2+$"***\-
7D3013	"]j2+$"***\-
7D3014	"\j2+$"***\-
7D3015	"[j2+$"***\-
7D3016	"*{ts"**+5*
7D3017	"Yj2+$"***\-
7D3018	"Xj2+$"***\-
7D3019	"Wj2+$"***\-
7D301A	"Vj2+$"***\-
7D301B	"+{ts"**+5*
7D301C	"Vyqd"**+6*
7D301D	"Sj2+$"***\-
7D301E	"Rj2+$"***\-
7D301F	"jdV"**9-9*
7D3020	",{ts"**+5*
7D3021	"Oj2+$"***\-
7D3022	"Wyqd"**+6*
7D3023	"Mj2+$"***\-
7D3024	"Lj2+$"***\-
7D3025	"K~A))"**+*
7D3026	"Jj2+$"***\-
7D3027	"Ij2+$"***\-
7D3028	"l~sm"*+*6*
7D3029	"Gj2+$"***\-
7D302A	".{ts"**+5*
7D302B	"Ej2+$"***\-
7D302C	"Dj2+$"***\-
7D302D	"Cj2+$"***\-
7D302E	"Bj2+$"***\-
7D302F	"/{ts"**+5*
7D3030	"|wj!"+**4*
7D3031	"jdV"**7-9*
7D3032	">j2+$"***\-
7D3033	"=j2+$"***\-
7D3034	"0{ts"**+5*
7D3035	";j2+$"***\-
7D3036	":j2+$"***\-
7D3037	"9j2+$"***\-
7D3038	"8j2+$"***\-
7D3039	"1{ts"**+5*
7D303A	"jdV"**6-9*
7D303B	"5j2+$"***\-
7D303C	"4j2+$"***\-
7D303D	"3j2+$"***\-
7D303E	"2{ts"**+5*
7D303F	"1j2+$"***\-
7D3040	"rh~/"+**4*
7D3041	"/j2+$"***\-
7D3042	".j2+$"***\-
7D3043	"jdV"**5-9*
7D3044	",j2+$"***\-
7D3045	"+j2+$"***\-
7D3046	"*j2+$"***\-
7D3047	")j2+$"***\-
7D3048	"4{ts"**+5*
7D3049	"'j2+$"***\-
7D304A	"&j2+$"***\-
7D304B	"%j2+$"***\-
7D304C	"~~|J"*+*7*
7D304D	"5{ts"**+5*
7D304E	"\]:''"***+
7D304F	"!j2+$"***\-
7D3050	"~vnO"**+8*
7D3051	"_]:''"***+
7D3052	"`]:''"***+
7D3053	"a]:''"***+
7D3054	"b]:''"***+
7D3055	"jdV"**3-9*
7D3056	"d]:''"***+
7D3057	"e]:''"***+
7D3058	"\Y~)"+**6*
7D3059	"g]:''"***+
7D305A	"h]:''"***+
7D305B	"i]:''"***+
7D305C	"j]:''"***+
7D305D	"k]:''"***+
7D305E	"jdV"**2-9*
7D305F	"m]:''"***+
7D3060	"n]:''"***+
7D3061	"o]:''"***+
7D3062	"p]:''"***+
7D3063	"q]:''"***+
7D3064	"r]:''"***+
7D3065	"s]:''"***+
7D3066	"t]:''"***+
7D3067	"jdV"**1-9*
7D3068	"j2+$"***8-
7D3069	"j2+$"***7-
7D306A	"j2+$"***6-
7D306B	"j2+$"***5-
7D306C	"j2+$"***4-
7D306D	"j2+$"***3-
7D306E	"j2+$"***2-
7D306F	"j2+$"***1-
7D3070	"jdV"**9*
7D3071	"j2+$"***1+
7D3072	"j2+$"***2+
7D3073	"j2+$"***3+
7D3074	"j2+$"***4+
7D3075	"yG~A"+**5*
7D3076	"j2+$"***6+
7D3077	"j2+$"***7+
7D3078	"j2+$"***8+
7D3079	"jdV"**1+9*
7D307A	">{ts"**+5*
7D307B	"j2+$"***2+9+
7D307C	"p{mf"**\-6*
7D307D	"Yrja"**\-7*
7D307E	"yG~A"+**5*9+
7D307F	"?{ts"**+5*
7D3080	"X~nJ"**\-8*
7D3081	"j2+$"***8+9+
7D3082	"jdV"**2+9*
7D3083	"jdV"**2+9*1+
7D3084	"@{ts"**+5*
7D3085	"xj~Y"+**7+3*
7D3086	"jdV"**2+9*4+
7D3087	"jdV"**2+9*5+
7D3088	"n{mf"**\-6*
7D3089	"A{ts"**+5*
7D308A	"jdV"**2+9*8+
7D308B	"jdV"**3+9*
7D308C	"jZ~Y"+**7+4*
7D308D	"jdV"**3+9*2+
7D308E	"mN~C"+**5*
7D308F	"jdV"**3+9*4+
7D3090	"e~m\"*+*8*
7D3091	"!j2+$"***+
7D3092	"~h1.#"***\-
7D3093	"C{ts"**+5*
7D3094	"jdV"**4+9*
7D3095	"{h1.#"***\-
7D3096	"zh1.#"***\-
7D3097	"yh1.#"***\-
7D3098	"D{ts"**+5*
7D3099	"wh1.#"***\-
7D309A	"vh1.#"***\-
7D309B	"uh1.#"***\-
7D309C	"th1.#"***\-
7D309D	"jdV"**5+9*
7D309E	"rh1.#"***\-
7D309F	"qh1.#"***\-
7D30A0	"t~wb"*+*6*
7D30A1	"oh1.#"***\-
7D30A2	"F{ts"**+5*
7D30A3	"mh1.#"***\-
7D30A4	"lh1.#"***\-
7D30A5	"kh1.#"***\-
7D30A6	"oa^!"+**6*
7D30A7	"G{ts"**+5*
7D30A8	"hh1.#"***\-
7D30A9	"gh1.#"***\-
7D30AA	"fh1.#"***\-
7D30AB	"eh1.#"***\-
7D30AC	"n~sk"*+*6*
7D30AD	"ch1.#"***\-
7D30AE	"bh1.#"***\-
7D30AF	"jdV"**7+9*
7D30B0	"`h1.#"***\-
7D30B1	"gY~5"+**5*
7D30B2	"^h1.#"***\-
7D30B3	"]h1.#"***\-
7D30B4	"\h1.#"***\-
7D30B5	"[h1.#"***\-
7D30B6	"J{ts"**+5*
7D30B7	"Yh1.#"***\-
7D30B8	"jdV"**8+9*
7D30B9	"Wh1.#"***\-
7D30BA	"Vh1.#"***\-
7D30BB	"K{ts"**+5*
7D30BC	"Th1.#"***\-
7D30BD	"Sh1.#"***\-
7D30BE	"Rh1.#"***\-
7D30BF	"Qh1.#"***\-
7D30C0	"L{ts"**+5*
7D30C1	"jdV"**9+9*
7D30C2	"Nh1.#"***\-
7D30C3	"Mh1.#"***\-
7D30C4	"Lh1.#"***\-
7D30C5	"M{ts"**+5*
7D30C6	"Jh1.#"***\-
7D30C7	"Ih1.#"***\-
7D30C8	"sb["**9-8*
7D30C9	"Gh1.#"***\-
7D30CA	"N{ts"**+5*
7D30CB	"Eh1.#"***\-
7D30CC	"Dh1.#"***\-
7D30CD	"Ch1.#"***\-
7D30CE	"Bh1.#"***\-
7D30CF	"O{ts"**+5*
7D30D0	"sb["**8-8*
7D30D1	"sp["**9-7*
7D30D2	">h1.#"***\-
7D30D3	"=h1.#"***\-
7D30D4	"P{ts"**+5*
7D30D5	";h1.#"***\-
7D30D6	":h1.#"***\-
7D30D7	"9h1.#"***\-
7D30D8	"sp["**8-7*
7D30D9	"Q{ts"**+5*
7D30DA	"6h1.#"***\-
7D30DB	"5h1.#"***\-
7D30DC	"4h1.#"***\-
7D30DD	"3h1.#"***\-
7D30DE	"R{ts"**+5*
7D30DF	"sp["**7-7*
7D30E0	"sb["**6-8*
7D30E1	"/h1.#"***\-
7D30E2	".h1.#"***\-
7D30E3	"S{ts"**+5*
7D30E4	",h1.#"***\-
7D30E5	"+h1.#"***\-
7D30E6	"sp["**6-7*
7D30E7	")h1.#"***\-
7D30E8	"sb["**5-8*
7D30E9	"'h1.#"***\-
7D30EA	"&h1.#"***\-
7D30EB	"%h1.#"***\-
7D30EC	"$h1.#"***\-
7D30ED	"sp["**5-7*
7D30EE	"c}3'!"***\-
7D30EF	"!h1.#"***\-
7D30F0	"sb["**4-8*
7D30F1	"`}3'!"***\-
7D30F2	"V{ts"**+5*
7D30F3	"^}3'!"***\-
7D30F4	"~ppm"**+6*
7D30F5	"\}3'!"***\-
7D30F6	"[}3'!"***\-
7D30F7	"W{ts"**+5*
7D30F8	"sb["**3-8*
7D30F9	"X}3'!"***\-
7D30FA	"W}3'!"***\-
7D30FB	"sp["**3-7*
7D30FC	"X{ts"**+5*
7D30FD	"T}3'!"***\-
7D30FE	"S}3'!"***\-
7D30FF	"R}3'!"***\-
7D3100	"sb["**2-8*
7D3101	"Y{ts"**+5*
7D3102	"sp["**2-7*
7D3103	"N}3'!"***\-
7D3104	"M}3'!"***\-
7D3105	"L}3'!"***\-
7D3106	"Z{ts"**+5*
7D3107	"h1.#"***9-
7D3108	"sb["**1-8*
7D3109	"sp["**1-7*
7D310A	"h1.#"***6-
7D310B	"h1.#"***5-
7D310C	"~yqd"**+6*
7D310D	"h1.#"***3-
7D310E	"h1.#"***2-
7D310F	"5!~S7"*+**
7D3110	"sp["**7*
7D3111	"h1.#"***1+
7D3112	"h1.#"***2+
7D3113	"h1.#"***3+
7D3114	"h1.#"***4+
7D3115	"h1.#"***5+
7D3116	"h1.#"***6+
7D3117	"sp["**1+7*
7D3118	"g~qW"*+*8*
7D3119	"h1.#"***9+
7D311A	"^{ts"**+5*
7D311B	"~y]Q"**+9*
7D311C	"5}3'!"***\-
7D311D	"4}3'!"***\-
7D311E	"sp["**2+7*
7D311F	"_{ts"**+5*
7D3120	"sb["**2+8*
7D3121	"0}3'!"***\-
7D3122	"/}3'!"***\-
7D3123	".}3'!"***\-
7D3124	"r~{t"*+*5*
7D3125	"sp["**3+7*
7D3126	"+}3'!"***\-
7D3127	"*}3'!"***\-
7D3128	"sb["**3+8*
7D3129	"a{ts"**+5*
7D312A	"'}3'!"***\-
7D312B	"&}3'!"***\-
7D312C	"sp["**4+7*
7D312D	"$}3'!"***\-
7D312E	"b{ts"**+5*
7D312F	"Cv1+!"***\-
7D3130	"sb["**4+8*
7D3131	" }3'!"***\-
7D3132	"@v1+!"***\-
7D3133	"sp["**5+7*
7D3134	">v1+!"***\-
7D3135	"=v1+!"***\-
7D3136	"<v1+!"***\-
7D3137	";v1+!"***\-
7D3138	"sb["**5+8*
7D3139	"9v1+!"***\-
7D313A	"sp["**6+7*
7D313B	"7v1+!"***\-
7D313C	"6v1+!"***\-
7D313D	"e{ts"**+5*
7D313E	"4v1+!"***\-
7D313F	"3v1+!"***\-
7D3140	"sb["**6+8*
7D3141	"sp["**7+7*
7D3142	"f{ts"**+5*
7D3143	"/v1+!"***\-
7D3144	".v1+!"***\-
7D3145	"-v1+!"***\-
7D3146	",v1+!"***\-
7D3147	"g{ts"**+5*
7D3148	"~I~a"+**4*
7D3149	"}3'!"***8-
7D314A	"G&~75"*+**
7D314B	"}3'!"***6-
7D314C	"}3'!"***5-
7D314D	"}3'!"***4-
7D314E	"}3'!"***3-
7D314F	"sp["**9+7*
7D3150	"sb["**8+8*
7D3151	"}3'!"***
7D3152	"}3'!"***1+
7D3153	"}3'!"***2+
7D3154	"}3'!"***3+
7D3155	"}3'!"***4+
7D3156	"}3'!"***5+
7D3157	"}3'!"***6+
7D3158	"sb["**9+8*
7D3159	"}3'!"***8+
7D315A	"e~dY"*+*9*
7D315B	"k{ts"**+5*
7D315C	"lD=.+"***\-
7D315D	"kD=.+"***\-
7D315E	"jD=.+"***\-
7D315F	"maa"**8*9-
7D3160	"maa"**1-8*
7D3161	"maa"**8*7-
7D3162	"maa"**8*6-
7D3163	"maa"**8*5-
7D3164	"maa"**8*4-
7D3165	"maa"**8*3-
7D3166	"maa"**8*2-
7D3167	"maa"**8*1-
7D3168	"maa"**8*
7D3169	"v1+!"***9-
7D316A	"v1+!"***8-
7D316B	"v1+!"***7-
7D316C	"v1+!"***6-
7D316D	"v1+!"***5-
7D316E	"v1+!"***4-
7D316F	"v1+!"***3-
7D3170	"maa"**1+8*
7D3171	"v1+!"***1-
7D3172	"v1+!"***
7D3173	"v1+!"***1+
7D3174	"v1+!"***2+
7D3175	"v1+!"***3+
7D3176	"v1+!"***4+
7D3177	"v1+!"***5+
7D3178	"maa"**2+8*
7D3179	"v1+!"***7+
7D317A	"v1+!"***8+
7D317B	"v1+!"***9+
7D317C	"LD=.+"***\-
7D317D	"KD=.+"***\-
7D317E	"r{ts"**+5*
7D317F	"ID=.+"***\-
7D3180	"maa"**3+8*
7D3181	"GD=.+"***\-
7D3182	"FD=.+"***\-
7D3183	"s{ts"**+5*
7D3184	"DD=.+"***\-
7D3185	"CD=.+"***\-
7D3186	"BD=.+"***\-
7D3187	"xkG"**9-9*
7D3188	"maa"**4+8*
7D3189	"?D=.+"***\-
7D318A	">D=.+"***\-
7D318B	"=D=.+"***\-
7D318C	"<D=.+"***\-
7D318D	"u{ts"**+5*
7D318E	":D=.+"***\-
7D318F	"9D=.+"***\-
7D3190	"maa"**5+8*
7D3191	"7D=.+"***\-
7D3192	"v{ts"**+5*
7D3193	"5D=.+"***\-
7D3194	"4D=.+"***\-
7D3195	"3D=.+"***\-
7D3196	"2D=.+"***\-
7D3197	"w{ts"**+5*
7D3198	"maa"**6+8*
7D3199	"xkG"**7-9*
7D319A	".D=.+"***\-
7D319B	"-D=.+"***\-
7D319C	"x{ts"**+5*
7D319D	"+D=.+"***\-
7D319E	"*D=.+"***\-
7D319F	"O'~;+"*+**
7D31A0	"maa"**7+8*
7D31A1	"y{ts"**+5*
7D31A2	"xkG"**6-9*
7D31A3	"%D=.+"***\-
7D31A4	"$D=.+"***\-
7D31A5	"#D=.+"***\-
7D31A6	"z{ts"**+5*
7D31A7	"!D=.+"***\-
7D31A8	"maa"**8+8*
7D31A9	"Ms/.!"***\-
7D31AA	"Ls/.!"***\-
7D31AB	"xkG"**5-9*
7D31AC	"Js/.!"***\-
7D31AD	"Is/.!"***\-
7D31AE	"Hs/.!"***\-
7D31AF	"Gs/.!"***\-
7D31B0	"maa"**9+8*
7D31B1	"Es/.!"***\-
7D31B2	"Ds/.!"***\-
7D31B3	"Cs/.!"***\-
7D31B4	"xkG"**4-9*
7D31B5	"}{ts"**+5*
7D31B6	"@s/.!"***\-
7D31B7	"?s/.!"***\-
7D31B8	">s/.!"***\-
7D31B9	"=s/.!"***\-
7D31BA	"~{ts"**+5*
7D31BB	";s/.!"***\-
7D31BC	":s/.!"***\-
7D31BD	"xkG"**3-9*
7D31BE	"8s/.!"***\-
7D31BF	"eM~U"+**5*
7D31C0	"D=.+"***8-
7D31C1	"D=.+"***7-
7D31C2	"D=.+"***6-
7D31C3	"D=.+"***5-
7D31C4	"D=.+"***4-
7D31C5	"D=.+"***3-
7D31C6	"xkG"**2-9*
7D31C7	"D=.+"***1-
7D31C8	"D=.+"***
7D31C9	"D=.+"***1+
7D31CA	"D=.+"***2+
7D31CB	"D=.+"***3+
7D31CC	"D=.+"***4+
7D31CD	"D=.+"***5+
7D31CE	"D=.+"***6+
7D31CF	"xkG"**1-9*
7D31D0	"D=.+"***8+
7D31D1	"D=.+"***9+
7D31D2	"xkG"**9*6-
7D31D3	"xkG"**9*5-
7D31D4	"xkG"**9*4-
7D31D5	"xkG"**9*3-
7D31D6	"xkG"**9*2-
7D31D7	"xkG"**9*1-
7D31D8	"xkG"**9*
7D31D9	"xkG"**9*1+
7D31DA	"xkG"**9*2+
7D31DB	"xkG"**9*3+
7D31DC	"xkG"**9*4+
7D31DD	"xkG"**9*5+
7D31DE	"xkG"**9*6+
7D31DF	"xkG"**9*7+
7D31E0	"yh~%"+**4*
7D31E1	"xkG"**1+9*
7D31E2	"_>~I"+**7*
7D31E3	"qv1+!"***+
7D31E4	"!?==#"***\-
7D31E5	" ?==#"***\-
7D31E6	"tv1+!"***+
7D31E7	"uv1+!"***+
7D31E8	" D=.+"***+
7D31E9	"!D=.+"***+
7D31EA	"xkG"**2+9*
7D31EB	"#D=.+"***+
7D31EC	"$D=.+"***+
7D31ED	"s/.!"***9-
7D31EE	"s/.!"***8-
7D31EF	"s/.!"***7-
7D31F0	"s/.!"***6-
7D31F1	"s/.!"***5-
7D31F2	"s/.!"***4-
7D31F3	"o+~A"+**9*
7D31F4	"s/.!"***2-
7D31F5	"s/.!"***1-
7D31F6	"s/.!"***
7D31F7	"s/.!"***1+
7D31F8	"s/.!"***2+
7D31F9	"s/.!"***3+
7D31FA	"s/.!"***4+
7D31FB	"s/.!"***5+
7D31FC	"xkG"**4+9*
7D31FD	"s/.!"***7+
7D31FE	"s/.!"***8+
7D31FF	"s/.!"***9+
7D3200	"?==#"***5-
7D3201	"?==#"***4-
7D3202	"?==#"***3-
7D3203	"?==#"***2-
7D3204	"?==#"***1-
7D3205	"?==#"***
7D3206	"?==#"***1+
7D3207	"?==#"***2+
7D3208	"?==#"***3+
7D3209	"?==#"***4+
7D320A	"?==#"***5+
7D320B	"?==#"***6+
7D320C	"?==#"***7+
7D320D	"?==#"***8+
7D320E	"xkG"**6+9*
7D320F	"GD=.+"***+
7D3210	"HD=.+"***+
7D3211	"ID=.+"***+
7D3212	"JD=.+"***+
7D3213	"KD=.+"***+
7D3214	"NC~&&"*+**
7D3215	"MD=.+"***+
7D3216	" s/.!"***+
7D3217	"xkG"**7+9*
7D3218	"PD=.+"***+
7D3219	"#s/.!"***+
7D321A	"$s/.!"***+
7D321B	"%s/.!"***+
7D321C	"&s/.!"***+
7D321D	"'s/.!"***+
7D321E	"(s/.!"***+
7D321F	")s/.!"***+
7D3220	"xkG"**8+9*
7D3221	"+s/.!"***+
7D3222	",s/.!"***+
7D3223	"-s/.!"***+
7D3224	".s/.!"***+
7D3225	" ?==#"***+
7D3226	"!?==#"***+
7D3227	"1s/.!"***+
7D3228	"#?==#"***+
7D3229	"xkG"**9+9*
7D322A	"%?==#"***+
7D322B	"&?==#"***+
7D322C	"'?==#"***+
7D322D	"(?==#"***+
7D322E	")?==#"***+
7D322F	"*?==#"***+
7D3230	"+?==#"***+
7D3231	",?==#"***+
7D3232	"-?==#"***+
7D3233	".?==#"***+
7D3234	"/?==#"***+
7D3235	"0?==#"***+
7D3236	"1?==#"***+
7D3237	"2?==#"***+
7D3238	"3?==#"***+
7D3239	"4?==#"***+
7D323A	"5?==#"***+
7D323B	"~e__"**+9*
7D323C	"7?==#"***+
7D323D	"8?==#"***+
7D323E	"9?==#"***+
7D323F	":?==#"***+
7D3240	";?==#"***+
7D3241	"<?==#"***+
7D3242	"=?==#"***+
7D3243	">?==#"***+
7D3244	"??==#"***+
7D3245	"@?==#"***+
7D3246	"A?==#"***+
7D3247	"B?==#"***+
7D3248	"C?==#"***+
7D3249	"D?==#"***+
7D324A	"E?==#"***+
7D324B	"F?==#"***+
7D324C	"G?==#"***+
7D324D	"g5~)"+**9*
7D324E	"I?==#"***+
7D324F	"J?==#"***+
7D3250	"K?==#"***+
7D3251	"L?==#"***+
7D3252	"M?==#"***+
7D3253	"N?==#"***+
7D3254	"O?==#"***+
7D3255	"P?==#"***+
7D3256	"Q?==#"***+
7D3257	"R?==#"***+
7D3258	"S?==#"***+
7D3259	"T?==#"***+
7D325A	"U?==#"***+
7D325B	"V?==#"***+
7D325C	"W?==#"***+
7D325D	"X?==#"***+
7D325E	"Y?==#"***+
7D325F	"Z?==#"***+
7D3260	"[?==#"***+
7D3261	"\?==#"***+
7D3262	"]?==#"***+
7D3263	"^?==#"***+
7D3264	"_?==#"***+
7D3265	"`?==#"***+
7D3266	"a?==#"***+
7D3267	"1~M5)"**+*
7D3268	"c?==#"***+
7D3269	"d?==#"***+
7D326A	"e?==#"***+
7D326B	"f?==#"***+
7D326C	"g?==#"***+
7D326D	"h?==#"***+
7D326E	"2sp["**+7*
7D326F	"}a5*&"***\-
7D3270	"|a5*&"***\-
7D3271	"{a5*&"***\-
7D3272	"za5*&"***\-
7D3273	"ya5*&"***\-
7D3274	"xa5*&"***\-
7D3275	"3sp["**+7*
7D3276	"va5*&"***\-
7D3277	"ua5*&"***\-
7D3278	"ta5*&"***\-
7D3279	"sa5*&"***\-
7D327A	"ra5*&"***\-
7D327B	"qa5*&"***\-
7D327C	"4sp["**+7*
7D327D	"oa5*&"***\-
7D327E	"na5*&"***\-
7D327F	"ma5*&"***\-
7D3280	"la5*&"***\-
7D3281	"ka5*&"***\-
7D3282	"qjh!"+**5*
7D3283	"w/~%"+**9*
7D3284	"ha5*&"***\-
7D3285	"ga5*&"***\-
7D3286	"fa5*&"***\-
7D3287	"ea5*&"***\-
7D3288	"da5*&"***\-
7D3289	"ca5*&"***\-
7D328A	"6sp["**+7*
7D328B	"aa5*&"***\-
7D328C	"`a5*&"***\-
7D328D	"_a5*&"***\-
7D328E	"^a5*&"***\-
7D328F	"]a5*&"***\-
7D3290	"\a5*&"***\-
7D3291	"7sp["**+7*
7D3292	"Za5*&"***\-
7D3293	"Ya5*&"***\-
7D3294	"Xa5*&"***\-
7D3295	"Wa5*&"***\-
7D3296	"Va5*&"***\-
7D3297	"Ua5*&"***\-
7D3298	"Ta5*&"***\-
7D3299	"Sa5*&"***\-
7D329A	"Ra5*&"***\-
7D329B	"Qa5*&"***\-
7D329C	"Pa5*&"***\-
7D329D	"Oa5*&"***\-
7D329E	"Na5*&"***\-
7D329F	"Ma5*&"***\-
7D32A0	"_~na"*+*8*
7D32A1	"Ka5*&"***\-
7D32A2	"Ja5*&"***\-
7D32A3	"Ia5*&"***\-
7D32A4	"Ha5*&"***\-
7D32A5	"Ga5*&"***\-
7D32A6	"Fa5*&"***\-
7D32A7	"Ea5*&"***\-
7D32A8	"Da5*&"***\-
7D32A9	"Ca5*&"***\-
7D32AA	"Ba5*&"***\-
7D32AB	"Aa5*&"***\-
7D32AC	"@a5*&"***\-
7D32AD	"rja"**9-7*
7D32AE	">a5*&"***\-
7D32AF	"=a5*&"***\-
7D32B0	"u~{^"*+*6*
7D32B1	";a5*&"***\-
7D32B2	":a5*&"***\-
7D32B3	"9a5*&"***\-
7D32B4	"rja"**8-7*
7D32B5	"7a5*&"***\-
7D32B6	"6a5*&"***\-
7D32B7	"5a5*&"***\-
7D32B8	"4a5*&"***\-
7D32B9	"3a5*&"***\-
7D32BA	"2a5*&"***\-
7D32BB	"rja"**7-7*
7D32BC	"0a5*&"***\-
7D32BD	"/a5*&"***\-
7D32BE	".a5*&"***\-
7D32BF	"-a5*&"***\-
7D32C0	",a5*&"***\-
7D32C1	"+a5*&"***\-
7D32C2	"rja"**6-7*
7D32C3	")a5*&"***\-
7D32C4	"(a5*&"***\-
7D32C5	"'a5*&"***\-
7D32C6	"&a5*&"***\-
7D32C7	"%a5*&"***\-
7D32C8	"$a5*&"***\-
7D32C9	"rja"**5-7*
7D32CA	"Rm3)$"***\-
7D32CB	"{mD"**9-9*
7D32CC	" a5*&"***\-
7D32CD	"Om3)$"***\-
7D32CE	"Nm3)$"***\-
7D32CF	"Mm3)$"***\-
7D32D0	"rja"**4-7*
7D32D1	"Km3)$"***\-
7D32D2	"Jm3)$"***\-
7D32D3	"Im3)$"***\-
7D32D4	"v~dL"*+*9*
7D32D5	"Gm3)$"***\-
7D32D6	"Fm3)$"***\-
7D32D7	"rja"**3-7*
7D32D8	"Dm3)$"***\-
7D32D9	"Cm3)$"***\-
7D32DA	"Bm3)$"***\-
7D32DB	"Am3)$"***\-
7D32DC	"@m3)$"***\-
7D32DD	"{mD"**7-9*
7D32DE	"rja"**2-7*
7D32DF	"=m3)$"***\-
7D32E0	"<m3)$"***\-
7D32E1	";m3)$"***\-
7D32E2	":m3)$"***\-
7D32E3	"a5*&"***9-
7D32E4	"a5*&"***8-
7D32E5	"rja"**1-7*
7D32E6	"{mf"**9-6*
7D32E7	"a5*&"***5-
7D32E8	"a5*&"***4-
7D32E9	"a5*&"***3-
7D32EA	"a5*&"***2-
7D32EB	"a5*&"***1-
7D32EC	"rja"**7*
7D32ED	"a5*&"***1+
7D32EE	"a5*&"***2+
7D32EF	"{mD"**5-9*
7D32F0	"a5*&"***4+
7D32F1	"a5*&"***5+
7D32F2	"{mf"**7-6*
7D32F3	"rja"**1+7*
7D32F4	"a5*&"***8+
7D32F5	"a5*&"***9+
7D32F6	"&m3)$"***\-
7D32F7	"%m3)$"***\-
7D32F8	"{mf"**6-6*
7D32F9	"#m3)$"***\-
7D32FA	"wF~G"+**5*
7D32FB	"!m3)$"***\-
7D32FC	" m3)$"***\-
7D32FD	"#YC+ "***\-
7D32FE	"{mf"**5-6*
7D32FF	"!YC+ "***\-
7D3300	"~nJ"**8-8*
7D3301	"rja"**3+7*
7D3302	">oF! "***\-
7D3303	"=oF! "***\-
7D3304	"{mf"**4-6*
7D3305	";oF! "***\-
7D3306	":oF! "***\-
7D3307	"9oF! "***\-
7D3308	"rja"**4+7*
7D3309	"7oF! "***\-
7D330A	"{mf"**3-6*
7D330B	"5oF! "***\-
7D330C	"4oF! "***\-
7D330D	"3oF! "***\-
7D330E	"2oF! "***\-
7D330F	"rja"**5+7*
7D3310	"{mf"**2-6*
7D3311	"/oF! "***\-
7D3312	".oF! "***\-
7D3313	"{mD"**1-9*
7D3314	"m3)$"***8-
7D3315	"m3)$"***7-
7D3316	"{mf"**1-6*
7D3317	"m3)$"***5-
7D3318	"|~tq"*+*5*
7D3319	"m3)$"***3-
7D331A	"m3)$"***2-
7D331B	"m3)$"***1-
7D331C	"{mf"**6*
7D331D	"rja"**7+7*
7D331E	"m3)$"***2+
7D331F	"m3)$"***3+
7D3320	"YC+ "***
7D3321	"55~A+"*+**
7D3322	"{mf"**1+6*
7D3323	"m3)$"***7+
7D3324	"rja"**8+7*
7D3325	"{mD"**1+9*
7D3326	"YC+ "***6+
7D3327	"YC+ "***7+
7D3328	"{mf"**2+6*
7D3329	"YC+ "***9+
7D332A	">a5*&"***+
7D332B	"rja"**9+7*
7D332C	"@a5*&"***+
7D332D	"Aa5*&"***+
7D332E	"{mf"**3+6*
7D332F	"Ca5*&"***+
7D3330	"~nJ"**2-8*
7D3331	"Ea5*&"***+
7D3332	"xoX"**2-7*
7D3333	"Ga5*&"***+
7D3334	"{mf"**4+6*
7D3335	"Ia5*&"***+
7D3336	"Ja5*&"***+
7D3337	"{mD"**3+9*
7D3338	"~nJ"**1-8*
7D3339	"xoX"**1-7*
7D333A	"{mf"**5+6*
7D333B	"xoX"**7*5-
7D333C	"xoX"**7*4-
7D333D	"xoX"**7*3-
7D333E	"xoX"**7*2-
7D333F	"xoX"**7*1-
7D3340	"xoX"**7*
7D3341	"xoX"**7*1+
7D3342	"xoX"**7*2+
7D3343	"xoX"**7*3+
7D3344	"xoX"**7*4+
7D3345	"xoX"**7*5+
7D3346	"{mf"**7+6*
7D3347	"xoX"**1+7*
7D3348	"~nJ"**1+8*
7D3349	"{mD"**5+9*
7D334A	"vv5) "***\-
7D334B	"yS+&"***2/
7D334C	"{mf"**8+6*
7D334D	"sv5) "***\-
7D334E	"xoX"**2+7*
7D334F	"qv5) "***\-
7D3350	"~nJ"**2+8*
7D3351	"ov5) "***\-
7D3352	"{mf"**9+6*
7D3353	"mv5) "***\-
7D3354	"lv5) "***\-
7D3355	"xoX"**3+7*
7D3356	"jv5) "***\-
7D3357	"iv5) "***\-
7D3358	"t~mk"*+*6*
7D3359	"gv5) "***\-
7D335A	"fv5) "***\-
7D335B	"{mD"**7+9*
7D335C	"xoX"**4+7*
7D335D	"cv5) "***\-
7D335E	"bv5) "***\-
7D335F	"av5) "***\-
7D3360	"~nJ"**4+8*
7D3361	"_v5) "***\-
7D3362	"^v5) "***\-
7D3363	"xoX"**5+7*
7D3364	"{mD"**8+9*
7D3365	"[v5) "***\-
7D3366	"Zv5) "***\-
7D3367	"Yv5) "***\-
7D3368	"~nJ"**5+8*
7D3369	"Wv5) "***\-
7D336A	"xoX"**6+7*
7D336B	"Uv5) "***\-
7D336C	",~A=/"**+*
7D336D	"{mD"**9+9*
7D336E	"Rv5) "***\-
7D336F	"Qv5) "***\-
7D3370	"~nJ"**6+8*
7D3371	"xoX"**7+7*
7D3372	"nzvr"**\-5*
7D3373	"Mv5) "***\-
7D3374	"Lv5) "***\-
7D3375	"Kv5) "***\-
7D3376	"pnJ"**6+9*
7D3377	"mzvr"**\-5*
7D3378	"xoX"**8+7*
7D3379	"Gv5) "***\-
7D337A	"Fv5) "***\-
7D337B	"Ev5) "***\-
7D337C	"lzvr"**\-5*
7D337D	"Cv5) "***\-
7D337E	"Bv5) "***\-
7D337F	"xoX"**9+7*
7D3380	"~nJ"**8+8*
7D3381	"kzvr"**\-5*
7D3382	"gG~="+**6*
7D3383	"=v5) "***\-
7D3384	"<v5) "***\-
7D3385	";v5) "***\-
7D3386	"jzvr"**\-5*
7D3387	"9v5) "***\-
7D3388	"~nJ"**9+8*
7D3389	"7v5) "***\-
7D338A	"6v5) "***\-
7D338B	"izvr"**\-5*
7D338C	"4v5) "***\-
7D338D	"[rq["**\-7*
7D338E	"Wzv_"**\-6*
7D338F	"1v5) "***\-
7D3390	"vjR"**6-8*
7D3391	"pnJ"**9+9*
7D3392	".v5) "***\-
7D3393	"-v5) "***\-
7D3394	"|Eh!"+**7*
7D3395	"gzvr"**\-5*
7D3396	"*v5) "***\-
7D3397	")v5) "***\-
7D3398	"vjR"**5-8*
7D3399	"'v5) "***\-
7D339A	"fzvr"**\-5*
7D339B	"Yrq["**\-7*
7D339C	"$v5) "***\-
7D339D	"#v5) "***\-
7D339E	".t/+#"***\-
7D339F	"ezvr"**\-5*
7D33A0	"vjR"**4-8*
7D33A1	"+t/+#"***\-
7D33A2	"*t/+#"***\-
7D33A3	")t/+#"***\-
7D33A4	"(t/+#"***\-
7D33A5	"'t/+#"***\-
7D33A6	"&t/+#"***\-
7D33A7	"%t/+#"***\-
7D33A8	"vjR"**3-8*
7D33A9	"#t/+#"***\-
7D33AA	"joF! "***+
7D33AB	"!t/+#"***\-
7D33AC	"Rzv_"**\-6*
7D33AD	"}=65/"***\-
7D33AE	"|=65/"***\-
7D33AF	"{=65/"***\-
7D33B0	"z~[["*+*8*
7D33B1	"y=65/"***\-
7D33B2	"x=65/"***\-
7D33B3	"w=65/"***\-
7D33B4	"v=65/"***\-
7D33B5	"u=65/"***\-
7D33B6	"t=65/"***\-
7D33B7	"vjR"**8*9-
7D33B8	"vjR"**1-8*
7D33B9	"vjR"**8*7-
7D33BA	"vjR"**8*6-
7D33BB	"vjR"**8*5-
7D33BC	"vjR"**8*4-
7D33BD	"vjR"**8*3-
7D33BE	"vjR"**8*2-
7D33BF	"vjR"**8*1-
7D33C0	"vjR"**8*
7D33C1	"vjR"**8*1+
7D33C2	"vjR"**8*2+
7D33C3	"t/+#"***9-
7D33C4	"t/+#"***8-
7D33C5	"t/+#"***7-
7D33C6	"t/+#"***6-
7D33C7	"t/+#"***5-
7D33C8	"t/+#"***4-
7D33C9	"t/+#"***3-
7D33CA	"t/+#"***2-
7D33CB	"t/+#"***1-
7D33CC	"t/+#"***
7D33CD	"t/+#"***1+
7D33CE	"t/+#"***2+
7D33CF	"t/+#"***3+
7D33D0	"t/+#"***4+
7D33D1	"t/+#"***5+
7D33D2	"t/+#"***6+
7D33D3	"t/+#"***7+
7D33D4	"t/+#"***8+
7D33D5	"t/+#"***9+
7D33D6	"T=65/"***\-
7D33D7	"S=65/"***\-
7D33D8	"vjR"**3+8*
7D33D9	"IE~7"+**9*
7D33DA	"P=65/"***\-
7D33DB	"O=65/"***\-
7D33DC	"N=65/"***\-
7D33DD	"M=65/"***\-
7D33DE	"L=65/"***\-
7D33DF	"K=65/"***\-
7D33E0	"vjR"**4+8*
7D33E1	"I=65/"***\-
7D33E2	"H=65/"***\-
7D33E3	"G=65/"***\-
7D33E4	"F=65/"***\-
7D33E5	"E=65/"***\-
7D33E6	"D=65/"***\-
7D33E7	"C=65/"***\-
7D33E8	"wh~_"+**3*
7D33E9	"gC:)"***2/
7D33EA	"@=65/"***\-
7D33EB	"?=65/"***\-
7D33EC	">=65/"***\-
7D33ED	"==65/"***\-
7D33EE	"<=65/"***\-
7D33EF	";=65/"***\-
7D33F0	"vjR"**6+8*
7D33F1	"9=65/"***\-
7D33F2	"8=65/"***\-
7D33F3	"7=65/"***\-
7D33F4	"d~oQ"*+*9*
7D33F5	"5=65/"***\-
7D33F6	"m&~5#"*+**
7D33F7	"3=65/"***\-
7D33F8	"vjR"**7+8*
7D33F9	"1=65/"***\-
7D33FA	"0=65/"***\-
7D33FB	"/=65/"***\-
7D33FC	".=65/"***\-
7D33FD	"-=65/"***\-
7D33FE	",=65/"***\-
7D33FF	"+=65/"***\-
7D3400	"vjR"**8+8*
7D3401	")=65/"***\-
7D3402	"(=65/"***\-
7D3403	"'=65/"***\-
7D3404	"&=65/"***\-
7D3405	"%=65/"***\-
7D3406	"$=65/"***\-
7D3407	"#=65/"***\-
7D3408	"vjR"**9+8*
7D3409	"!=65/"***\-
7D340A	" =65/"***\-
7D340B	"?t/+#"***+
7D340C	"@t/+#"***+
7D340D	"At/+#"***+
7D340E	"Bt/+#"***+
7D340F	"ua~s"+**3*
7D3410	"|G~k"+**4*
7D3411	"Et/+#"***+
7D3412	"{~vp"*+*5*
7D3413	"Gt/+#"***+
7D3414	"Ht/+#"***+
7D3415	"It/+#"***+
7D3416	"Jt/+#"***+
7D3417	"Kt/+#"***+
7D3418	"Lt/+#"***+
7D3419	"Mt/+#"***+
7D341A	"Nt/+#"***+
7D341B	"Ot/+#"***+
7D341C	"Pt/+#"***+
7D341D	"Qt/+#"***+
7D341E	"Rt/+#"***+
7D341F	"St/+#"***+
7D3420	"p~n^"*+*7*
7D3421	"=65/"***9-
7D3422	"=65/"***8-
7D3423	"=65/"***7-
7D3424	"=65/"***6-
7D3425	"=65/"***5-
7D3426	"=65/"***4-
7D3427	"=65/"***3-
7D3428	"=65/"***2-
7D3429	"=65/"***1-
7D342A	"=65/"***
7D342B	"=65/"***1+
7D342C	"=65/"***2+
7D342D	"=65/"***3+
7D342E	"=65/"***4+
7D342F	"=65/"***5+
7D3430	"=65/"***6+
7D3431	"=65/"***7+
7D3432	"=65/"***8+
7D3433	"=65/"***9+
7D3434	"ht/+#"***+
7D3435	"it/+#"***+
7D3436	"~I:3&"***\-
7D3437	"}I:3&"***\-
7D3438	"|I:3&"***\-
7D3439	"{I:3&"***\-
7D343A	"zI:3&"***\-
7D343B	"yI:3&"***\-
7D343C	"xI:3&"***\-
7D343D	"wI:3&"***\-
7D343E	"vI:3&"***\-
7D343F	"uI:3&"***\-
7D3440	"tI:3&"***\-
7D3441	"sI:3&"***\-
7D3442	"rI:3&"***\-
7D3443	"qI:3&"***\-
7D3444	"pI:3&"***\-
7D3445	"oI:3&"***\-
7D3446	"nI:3&"***\-
7D3447	"mI:3&"***\-
7D3448	"lI:3&"***\-
7D3449	"kI:3&"***\-
7D344A	"~t/+#"***+
7D344B	"iI:3&"***\-
7D344C	"hI:3&"***\-
7D344D	"gI:3&"***\-
7D344E	"f]~/"+**5*
7D344F	"eI:3&"***\-
7D3450	"dI:3&"***\-
7D3451	"cI:3&"***\-
7D3452	"bI:3&"***\-
7D3453	"aI:3&"***\-
7D3454	"`I:3&"***\-
7D3455	"_I:3&"***\-
7D3456	"^I:3&"***\-
7D3457	"]I:3&"***\-
7D3458	"\I:3&"***\-
7D3459	"[I:3&"***\-
7D345A	"ZI:3&"***\-
7D345B	"YI:3&"***\-
7D345C	"XI:3&"***\-
7D345D	"WI:3&"***\-
7D345E	"VI:3&"***\-
7D345F	"UI:3&"***\-
7D3460	"TI:3&"***\-
7D3461	"SI:3&"***\-
7D3462	"RI:3&"***\-
7D3463	"QI:3&"***\-
7D3464	"PI:3&"***\-
7D3465	"OI:3&"***\-
7D3466	"NI:3&"***\-
7D3467	"MI:3&"***\-
7D3468	"LI:3&"***\-
7D3469	"KI:3&"***\-
7D346A	"JI:3&"***\-
7D346B	"II:3&"***\-
7D346C	"HI:3&"***\-
7D346D	"GI:3&"***\-
7D346E	"FI:3&"***\-
7D346F	"EI:3&"***\-
7D3470	"DI:3&"***\-
7D3471	"CI:3&"***\-
7D3472	"BI:3&"***\-
7D3473	"AI:3&"***\-
7D3474	"@I:3&"***\-
7D3475	"?I:3&"***\-
7D3476	">I:3&"***\-
7D3477	"=I:3&"***\-
7D3478	"<I:3&"***\-
7D3479	";I:3&"***\-
7D347A	":I:3&"***\-
7D347B	"9I:3&"***\-
7D347C	"8I:3&"***\-
7D347D	"7I:3&"***\-
7D347E	"6I:3&"***\-
7D347F	"5I:3&"***\-
7D3480	"4I:3&"***\-
7D3481	"3~O7%"**+*
7D3482	"2I:3&"***\-
7D3483	"1I:3&"***\-
7D3484	"uY~G"+**4*
7D3485	"/I:3&"***\-
7D3486	".I:3&"***\-
7D3487	"-I:3&"***\-
7D3488	",I:3&"***\-
7D3489	"+I:3&"***\-
7D348A	"*I:3&"***\-
7D348B	")I:3&"***\-
7D348C	"(I:3&"***\-
7D348D	"'I:3&"***\-
7D348E	"&I:3&"***\-
7D348F	"%I:3&"***\-
7D3490	"$I:3&"***\-
7D3491	"#I:3&"***\-
7D3492	"h=65/"***+
7D3493	"!I:3&"***\-
7D3494	"4zvr"**\-5*
7D3495	"k=65/"***+
7D3496	"l=65/"***+
7D3497	"m=65/"***+
7D3498	"n=65/"***+
7D3499	"o=65/"***+
7D349A	"p=65/"***+
7D349B	"q=65/"***+
7D349C	"r=65/"***+
7D349D	"s=65/"***+
7D349E	"t=65/"***+
7D349F	"u=65/"***+
7D34A0	"v=65/"***+
7D34A1	"w=65/"***+
7D34A2	"x=65/"***+
7D34A3	"y=65/"***+
7D34A4	"z=65/"***+
7D34A5	"{=65/"***+
7D34A6	"|=65/"***+
7D34A7	"}=65/"***+
7D34A8	"s~oj"*+*6*
7D34A9	"v=65/"***+9+
7D34AA	"w=65/"***+9+
7D34AB	"I:3&"***9-
7D34AC	"I:3&"***8-
7D34AD	"I:3&"***7-
7D34AE	"I:3&"***6-
7D34AF	"I:3&"***5-
7D34B0	"I:3&"***4-
7D34B1	"I:3&"***3-
7D34B2	"I:3&"***2-
7D34B3	"I:3&"***1-
7D34B4	"I:3&"***
7D34B5	"I:3&"***1+
7D34B6	"I:3&"***2+
7D34B7	"qg~m"+**3*
7D34B8	"I:3&"***4+
7D34B9	"I:3&"***5+
7D34BA	"I:3&"***6+
7D34BB	"I:3&"***7+
7D34BC	"I:3&"***8+
7D34BD	"I:3&"***9+
7D34BE	"zQC*$"***\-
7D34BF	"yQC*$"***\-
7D34C0	"xQC*$"***\-
7D34C1	"wQC*$"***\-
7D34C2	"vQC*$"***\-
7D34C3	"uQC*$"***\-
7D34C4	"tQC*$"***\-
7D34C5	"sQC*$"***\-
7D34C6	"rQC*$"***\-
7D34C7	"qQC*$"***\-
7D34C8	"pQC*$"***\-
7D34C9	"oQC*$"***\-
7D34CA	"nQC*$"***\-
7D34CB	"mQC*$"***\-
7D34CC	"c~vt"*+*6*
7D34CD	"kQC*$"***\-
7D34CE	"jQC*$"***\-
7D34CF	"iQC*$"***\-
7D34D0	"hQC*$"***\-
7D34D1	"gQC*$"***\-
7D34D2	"fQC*$"***\-
7D34D3	"eQC*$"***\-
7D34D4	"dQC*$"***\-
7D34D5	"cQC*$"***\-
7D34D6	"bQC*$"***\-
7D34D7	"aQC*$"***\-
7D34D8	"`QC*$"***\-
7D34D9	"_QC*$"***\-
7D34DA	"^QC*$"***\-
7D34DB	"]QC*$"***\-
7D34DC	"\QC*$"***\-
7D34DD	"[QC*$"***\-
7D34DE	"~jdV"**+9*
7D34DF	"YQC*$"***\-
7D34E0	"XQC*$"***\-
7D34E1	"WQC*$"***\-
7D34E2	"VQC*$"***\-
7D34E3	"UQC*$"***\-
7D34E4	"TQC*$"***\-
7D34E5	"SQC*$"***\-
7D34E6	"RQC*$"***\-
7D34E7	"e;3"**9*3*
7D34E8	"PQC*$"***\-
7D34E9	"OQC*$"***\-
7D34EA	"NQC*$"***\-
7D34EB	"MQC*$"***\-
7D34EC	"LQC*$"***\-
7D34ED	"KQC*$"***\-
7D34EE	"JQC*$"***\-
7D34EF	"IQC*$"***\-
7D34F0	"~lC"**8-9*
7D34F1	"GQC*$"***\-
7D34F2	"FQC*$"***\-
7D34F3	"EQC*$"***\-
7D34F4	"DQC*$"***\-
7D34F5	"CQC*$"***\-
7D34F6	"BQC*$"***\-
7D34F7	"AQC*$"***\-
7D34F8	"@QC*$"***\-
7D34F9	"u+~+#"*+**
7D34FA	">QC*$"***\-
7D34FB	"=QC*$"***\-
7D34FC	"<QC*$"***\-
7D34FD	";QC*$"***\-
7D34FE	":QC*$"***\-
7D34FF	"9QC*$"***\-
7D3500	"pL~s"+**4*
7D3501	"7QC*$"***\-
7D3502	"~lC"**6-9*
7D3503	"5QC*$"***\-
7D3504	"4QC*$"***\-
7D3505	"3QC*$"***\-
7D3506	"2QC*$"***\-
7D3507	"1QC*$"***\-
7D3508	"0QC*$"***\-
7D3509	"/QC*$"***\-
7D350A	".QC*$"***\-
7D350B	"~lC"**5-9*
7D350C	",QC*$"***\-
7D350D	"+QC*$"***\-
7D350E	"S{mf"**+6*
7D350F	")QC*$"***\-
7D3510	"(QC*$"***\-
7D3511	"'QC*$"***\-
7D3512	"&QC*$"***\-
7D3513	"%QC*$"***\-
7D3514	"~lC"**4-9*
7D3515	"#QC*$"***\-
7D3516	"0I>1%"***\-
7D3517	"!QC*$"***\-
7D3518	"sqfY"**\-8*
7D3519	"-I>1%"***\-
7D351A	",I>1%"***\-
7D351B	"+I>1%"***\-
7D351C	"DxoX"**+7*
7D351D	"~lC"**3-9*
7D351E	"(I>1%"***\-
7D351F	"'I>1%"***\-
7D3520	"V{mf"**+6*
7D3521	"%I>1%"***\-
7D3522	"$I>1%"***\-
7D3523	"#I>1%"***\-
7D3524	"t=<;&"***\-
7D3525	"!I>1%"***\-
7D3526	"~lC"**2-9*
7D3527	"q=<;&"***\-
7D3528	"p=<;&"***\-
7D3529	"o=<;&"***\-
7D352A	"n=<;&"***\-
7D352B	"m=<;&"***\-
7D352C	"X{mf"**+6*
7D352D	"k=<;&"***\-
7D352E	"j=<;&"***\-
7D352F	"~lC"**9*9-
7D3530	"k~nV"*+*8*
7D3531	"QC*$"***7-
7D3532	"QC*$"***6-
7D3533	"5~q%%"**+*
7D3534	"QC*$"***4-
7D3535	"QC*$"***3-
7D3536	"QC*$"***2-
7D3537	"QC*$"***1-
7D3538	"~lC"**9*
7D3539	"QC*$"***1+
7D353A	"QC*$"***2+
7D353B	"QC*$"***3+
7D353C	"QC*$"***4+
7D353D	"QC*$"***5+
7D353E	"QC*$"***6+
7D353F	"QC*$"***7+
7D3540	"QC*$"***8+
7D3541	"~lC"**1+9*
7D3542	"I>1%"***4-
7D3543	"I>1%"***3-
7D3544	"I>1%"***2-
7D3545	"I>1%"***1-
7D3546	"I>1%"***
7D3547	"I>1%"***1+
7D3548	"I>1%"***2+
7D3549	"I>1%"***3+
7D354A	"~lC"**2+9*
7D354B	"I>1%"***5+
7D354C	"I>1%"***6+
7D354D	"I>1%"***7+
7D354E	"I>1%"***8+
7D354F	"I>1%"***9+
7D3550	"^{mf"**+6*
7D3551	"G=<;&"***\-
7D3552	"F=<;&"***\-
7D3553	"~lC"**3+9*
7D3554	"LxoX"**+7*
7D3555	"C=<;&"***\-
7D3556	"_{mf"**+6*
7D3557	"A=<;&"***\-
7D3558	"~maa"**+8*
7D3559	"?=<;&"***\-
7D355A	">=<;&"***\-
7D355B	"MxoX"**+7*
7D355C	"~lC"**4+9*
7D355D	";=<;&"***\-
7D355E	":=<;&"***\-
7D355F	"9=<;&"***\-
7D3560	"8=<;&"***\-
7D3561	"7=<;&"***\-
7D3562	"zv_"**9-6*
7D3563	"5=<;&"***\-
7D3564	"4=<;&"***\-
7D3565	"~lC"**5+9*
7D3566	"2=<;&"***\-
7D3567	"1=<;&"***\-
7D3568	"zv_"**8-6*
7D3569	"OxoX"**+7*
7D356A	".=<;&"***\-
7D356B	"zvr"**9-5*
7D356C	",=<;&"***\-
7D356D	"+=<;&"***\-
7D356E	"zv_"**7-6*
7D356F	")=<;&"***\-
7D3570	"zvr"**8-5*
7D3571	"'=<;&"***\-
7D3572	"&=<;&"***\-
7D3573	"%=<;&"***\-
7D3574	"zv_"**6-6*
7D3575	"zvr"**7-5*
7D3576	"do6%%"***\-
7D3577	"E1~;'"*+**
7D3578	"gqfY"**\-8*
7D3579	"ao6%%"***\-
7D357A	"zvr"**6-5*
7D357B	"_o6%%"***\-
7D357C	"^o6%%"***\-
7D357D	"]o6%%"***\-
7D357E	"RxoX"**+7*
7D357F	"zvr"**5-5*
7D3580	"zv_"**4-6*
7D3581	"Yo6%%"***\-
7D3582	"Xo6%%"***\-
7D3583	"Wo6%%"***\-
7D3584	"zvr"**4-5*
7D3585	"SxoX"**+7*
7D3586	"zv_"**3-6*
7D3587	"So6%%"***\-
7D3588	"Ro6%%"***\-
7D3589	"zvr"**3-5*
7D358A	"Po6%%"***\-
7D358B	"Oo6%%"***\-
7D358C	"zv_"**2-6*
7D358D	"Mo6%%"***\-
7D358E	"zvr"**2-5*
7D358F	"=<;&"***9-
7D3590	"SJ~)"+**8*
7D3591	"=<;&"***7-
7D3592	"zv_"**1-6*
7D3593	"zvr"**1-5*
7D3594	"=<;&"***4-
7D3595	"=<;&"***3-
7D3596	"=<;&"***2-
7D3597	"=<;&"***1-
7D3598	"zvr"**5*
7D3599	"=<;&"***1+
7D359A	"=<;&"***2+
7D359B	"k~sI"*+*9*
7D359C	"=<;&"***4+
7D359D	"zvr"**1+5*
7D359E	"zv_"**1+6*
7D359F	"=<;&"***7+
7D35A0	"=<;&"***8+
7D35A1	"=<;&"***9+
7D35A2	"^O~_"+**5*
7D35A3	"7o6%%"***\-
7D35A4	"zv_"**2+6*
7D35A5	"5o6%%"***\-
7D35A6	"4o6%%"***\-
7D35A7	"zvr"**3+5*
7D35A8	"yb~/"+**4*
7D35A9	"1o6%%"***\-
7D35AA	"zv_"**3+6*
7D35AB	"/o6%%"***\-
7D35AC	"zvr"**4+5*
7D35AD	"ooJ"**5-9*
7D35AE	",o6%%"***\-
7D35AF	"+o6%%"***\-
7D35B0	"zv_"**4+6*
7D35B1	"zvr"**5+5*
7D35B2	"(o6%%"***\-
7D35B3	"'o6%%"***\-
7D35B4	"&o6%%"***\-
7D35B5	"%o6%%"***\-
7D35B6	"zvr"**6+5*
7D35B7	"#o6%%"***\-
7D35B8	"|^X"**9-8*
7D35B9	"!o6%%"***\-
7D35BA	" o6%%"***\-
7D35BB	"zvr"**7+5*
7D35BC	"zv_"**6+6*
7D35BD	"&SA''"***\-
7D35BE	"%SA''"***\-
7D35BF	"ooJ"**3-9*
7D35C0	"zvr"**8+5*
7D35C1	"?|/, "***\-
7D35C2	"zv_"**7+6*
7D35C3	" SA''"***\-
7D35C4	"{}qS"**\-7*
7D35C5	"zvr"**9+5*
7D35C6	":|/, "***\-
7D35C7	"9|/, "***\-
7D35C8	"zv_"**8+6*
7D35C9	"7|/, "***\-
7D35CA	"6|/, "***\-
7D35CB	"rq["**9-7*
7D35CC	"4|/, "***\-
7D35CD	"3|/, "***\-
7D35CE	"zv_"**9+6*
7D35CF	"1|/, "***\-
7D35D0	"|^X"**6-8*
7D35D1	"9/~Y!"*+**
7D35D2	"rq["**8-7*
7D35D3	"o6%%"***7-
7D35D4	"ooo"**1-6*
7D35D5	"o6%%"***5-
7D35D6	"o6%%"***4-
7D35D7	"o6%%"***3-
7D35D8	"|^X"**5-8*
7D35D9	"rq["**7-7*
7D35DA	"ooo"**6*
7D35DB	"o6%%"***1+
7D35DC	"o6%%"***2+
7D35DD	"o6%%"***3+
7D35DE	"o6%%"***4+
7D35DF	"o6%%"***5+
7D35E0	"ooo"**1+6*
7D35E1	"o6%%"***7+
7D35E2	"o6%%"***8+
7D35E3	"SA''"***
7D35E4	"SA''"***1+
7D35E5	"SA''"***2+
7D35E6	"ooo"**2+6*
7D35E7	"rq["**5-7*
7D35E8	"|^X"**3-8*
7D35E9	"SA''"***6+
7D35EA	"SA''"***7+
7D35EB	"SA''"***8+
7D35EC	"ooo"**3+6*
7D35ED	"U=<;&"***+
7D35EE	"rq["**4-7*
7D35EF	"W=<;&"***+
7D35F0	"|^X"**2-8*
7D35F1	"Y=<;&"***+
7D35F2	"ooo"**4+6*
7D35F3	"[=<;&"***+
7D35F4	"\=<;&"***+
7D35F5	"rq["**3-7*
7D35F6	"^=<;&"***+
7D35F7	"|^X"**8*9-
7D35F8	"ooo"**5+6*
7D35F9	"|^X"**8*7-
7D35FA	"|^X"**8*6-
7D35FB	"|^X"**8*5-
7D35FC	"rq["**2-7*
7D35FD	"|^X"**8*3-
7D35FE	"ooo"**6+6*
7D35FF	"|^X"**8*1-
7D3600	"|^X"**8*
7D3601	"sGC"**5*3*
7D3602	"|^X"**8*2+
7D3603	"rq["**1-7*
7D3604	"ooo"**7+6*
7D3605	"|^X"**8*5+
7D3606	"|^X"**8*6+
7D3607	"ooJ"**5+9*
7D3608	"|^X"**1+8*
7D3609	"|^X"**8*9+
7D360A	"rq["**7*
7D360B	"q1'&"***1+
7D360C	"q1'&"***2+
7D360D	"q1'&"***3+
7D360E	"q1'&"***4+
7D360F	"q1'&"***5+
7D3610	"rq["**7*6+
7D3611	"rq["**1+7*
7D3612	"q1'&"***8+
7D3613	"q1'&"***9+
7D3614	"h]9+$"***\-
7D3615	"g]9+$"***\-
7D3616	"f]9+$"***\-
7D3617	"e]9+$"***\-
7D3618	"\.~1%"*+**
7D3619	"ooJ"**7+9*
7D361A	"b]9+$"***\-
7D361B	"a]9+$"***\-
7D361C	"`]9+$"***\-
7D361D	"_]9+$"***\-
7D361E	"^]9+$"***\-
7D361F	"rq["**3+7*
7D3620	"|^X"**4+8*
7D3621	"[]9+$"***\-
7D3622	"ooJ"**8+9*
7D3623	"Y]9+$"***\-
7D3624	"X]9+$"***\-
7D3625	"W]9+$"***\-
7D3626	"rq["**4+7*
7D3627	"U]9+$"***\-
7D3628	"|^X"**5+8*
7D3629	"S]9+$"***\-
7D362A	"R]9+$"***\-
7D362B	"ooJ"**9+9*
7D362C	"P]9+$"***\-
7D362D	"rq["**5+7*
7D362E	"N]9+$"***\-
7D362F	"M]9+$"***\-
7D3630	"|^X"**6+8*
7D3631	"K]9+$"***\-
7D3632	"J]9+$"***\-
7D3633	"I]9+$"***\-
7D3634	"rq["**6+7*
7D3635	"G]9+$"***\-
7D3636	"F]9+$"***\-
7D3637	"E]9+$"***\-
7D3638	"|^X"**7+8*
7D3639	"C]9+$"***\-
7D363A	"B]9+$"***\-
7D363B	"rq["**7+7*
7D363C	"@]9+$"***\-
7D363D	"!zvr"**+5*
7D363E	">]9+$"***\-
7D363F	"=]9+$"***\-
7D3640	"|^X"**8+8*
7D3641	";]9+$"***\-
7D3642	"rq["**8+7*
7D3643	"9]9+$"***\-
7D3644	"CC~.%"*+**
7D3645	"7]9+$"***\-
7D3646	"r]V"**6-9*
7D3647	"#zvr"**+5*
7D3648	"|^X"**9+8*
7D3649	"o;~5"+**7*
7D364A	"2]9+$"***\-
7D364B	"1]9+$"***\-
7D364C	"$zvr"**+5*
7D364D	"/]9+$"***\-
7D364E	".]9+$"***\-
7D364F	"r]V"**5-9*
7D3650	",]9+$"***\-
7D3651	"%zvr"**+5*
7D3652	"*]9+$"***\-
7D3653	")]9+$"***\-
7D3654	"(]9+$"***\-
7D3655	"']9+$"***\-
7D3656	"&zvr"**+5*
7D3657	"%]9+$"***\-
7D3658	"r]V"**4-9*
7D3659	"#]9+$"***\-
7D365A	"Pq1'&"***+
7D365B	"'zvr"**+5*
7D365C	" ]9+$"***\-
7D365D	"Sq1'&"***+
7D365E	"Tq1'&"***+
7D365F	"Uq1'&"***+
7D3660	"Vq1'&"***+
7D3661	"Wq1'&"***+
7D3662	"Xq1'&"***+
7D3663	"Yq1'&"***+
7D3664	"Zq1'&"***+
7D3665	"[q1'&"***+
7D3666	"\q1'&"***+
7D3667	"]q1'&"***+
7D3668	"^q1'&"***+
7D3669	"_q1'&"***+
7D366A	"`q1'&"***+
7D366B	"aq1'&"***+
7D366C	"bq1'&"***+
7D366D	"cq1'&"***+
7D366E	"dq1'&"***+
7D366F	"eq1'&"***+
7D3670	"fq1'&"***+
7D3671	"gq1'&"***+
7D3672	"hq1'&"***+
7D3673	"]9+$"***9-
7D3674	"]9+$"***8-
7D3675	"]9+$"***7-
7D3676	"]9+$"***6-
7D3677	"]9+$"***5-
7D3678	"]9+$"***4-
7D3679	"]9+$"***3-
7D367A	"]9+$"***2-
7D367B	"]9+$"***1-
7D367C	"]9+$"***
7D367D	"]9+$"***1+
7D367E	"]9+$"***2+
7D367F	"]9+$"***3+
7D3680	"]9+$"***4+
7D3681	"]9+$"***5+
7D3682	"]9+$"***6+
7D3683	"]9+$"***7+
7D3684	"]9+$"***8+
7D3685	"]9+$"***9+
7D3686	"|q1'&"***+
7D3687	"}q1'&"***+
7D3688	"~q1'&"***+
7D3689	"]9+$"***4+9+
7D368A	"]9+$"***5+9+
7D368B	"E~\D&"**+*2/
7D368C	"OMG&"***6-2/
7D368D	"1zvr"**+5*
7D368E	"r]V"**2+9*
7D368F	"OMG&"***2/
7D3690	"DqfY"**\-8*
7D3691	"OMG&"***4+2/
7D3692	"2zvr"**+5*
7D3693	"OMG&"***8+2/
7D3694	"Pzoe"**\-6*
7D3695	"OMG&"***2/6+
7D3696	"]}qS"**\-7*
7D3697	"3zvr"**+5*
7D3698	"CqfY"**\-8*
7D3699	"2zvr"**+5*7+
7D369A	"yY^!"+**6*
7D369B	"2zvr"**+5*9+
7D369C	"4zvr"**+5*
7D369D	"!]9+$"***+
7D369E	"3zvr"**+5*7+
7D369F	"#]9+$"***+
7D36A0	"$]9+$"***+
7D36A1	"%]9+$"***+
7D36A2	"&]9+$"***+
7D36A3	"']9+$"***+
7D36A4	"(]9+$"***+
7D36A5	")]9+$"***+
7D36A6	"*]9+$"***+
7D36A7	"+]9+$"***+
7D36A8	",]9+$"***+
7D36A9	"-]9+$"***+
7D36AA	".]9+$"***+
7D36AB	"/]9+$"***+
7D36AC	"0]9+$"***+
7D36AD	"1]9+$"***+
7D36AE	"2]9+$"***+
7D36AF	"3]9+$"***+
7D36B0	"}~eP"*+*8*
7D36B1	"5]9+$"***+
7D36B2	"6]9+$"***+
7D36B3	"7]9+$"***+
7D36B4	"8]9+$"***+
7D36B5	"9]9+$"***+
7D36B6	":]9+$"***+
7D36B7	";]9+$"***+
7D36B8	"<]9+$"***+
7D36B9	"=]9+$"***+
7D36BA	">]9+$"***+
7D36BB	"?]9+$"***+
7D36BC	"@]9+$"***+
7D36BD	"A]9+$"***+
7D36BE	"B]9+$"***+
7D36BF	"C]9+$"***+
7D36C0	"h~k["*+*8*
7D36C1	"E]9+$"***+
7D36C2	"F]9+$"***+
7D36C3	"G]9+$"***+
7D36C4	"H]9+$"***+
7D36C5	"I]9+$"***+
7D36C6	"J]9+$"***+
7D36C7	"K]9+$"***+
7D36C8	"L]9+$"***+
7D36C9	"M]9+$"***+
7D36CA	"N]9+$"***+
7D36CB	"O]9+$"***+
7D36CC	"P]9+$"***+
7D36CD	"Q]9+$"***+
7D36CE	"R]9+$"***+
7D36CF	"S]9+$"***+
7D36D0	"T]9+$"***+
7D36D1	"U]9+$"***+
7D36D2	"V]9+$"***+
7D36D3	"W]9+$"***+
7D36D4	"X]9+$"***+
7D36D5	"Y]9+$"***+
7D36D6	"Z]9+$"***+
7D36D7	"[]9+$"***+
7D36D8	"\]9+$"***+
7D36D9	"]]9+$"***+
7D36DA	"^]9+$"***+
7D36DB	"_]9+$"***+
7D36DC	"kSM"**6*2*
7D36DD	"a]9+$"***+
7D36DE	"b]9+$"***+
7D36DF	"c]9+$"***+
7D36E0	"e~vU"*+*8*
7D36E1	"e]9+$"***+
7D36E2	"f]9+$"***+
7D36E3	"g]9+$"***+
7D36E4	"h]9+$"***+
7D36E5	"i]9+$"***+
7D36E6	"j]9+$"***+
7D36E7	"k]9+$"***+
7D36E8	"l]9+$"***+
7D36E9	"m]9+$"***+
7D36EA	"n]9+$"***+
7D36EB	"o]9+$"***+
7D36EC	"p]9+$"***+
7D36ED	"q]9+$"***+
7D36EE	"r]9+$"***+
7D36EF	"s]9+$"***+
7D36F0	"t]9+$"***+
7D36F1	"mi~q"+**3*
7D36F2	"v]9+$"***+
7D36F3	"w]9+$"***+
7D36F4	"x]9+$"***+
7D36F5	"y]9+$"***+
7D36F6	"z]9+$"***+
7D36F7	"{]9+$"***+
7D36F8	"|:~%"+**7*
7D36F9	"}]9+$"***+
7D36FA	"~a2/$"***\-
7D36FB	"Gzvr"**+5*
7D36FC	"|a2/$"***\-
7D36FD	"{a2/$"***\-
7D36FE	"za2/$"***\-
7D36FF	"ya2/$"***\-
7D3700	"Hzvr"**+5*
7D3701	"wa2/$"***\-
7D3702	"va2/$"***\-
7D3703	"ua2/$"***\-
7D3704	"ta2/$"***\-
7D3705	"Izvr"**+5*
7D3706	"z~mW"*+*7*
7D3707	"qa2/$"***\-
7D3708	"pa2/$"***\-
7D3709	"oa2/$"***\-
7D370A	"Jzvr"**+5*
7D370B	"ma2/$"***\-
7D370C	"la2/$"***\-
7D370D	"ka2/$"***\-
7D370E	"ja2/$"***\-
7D370F	"Kzvr"**+5*
7D3710	"ha2/$"***\-
7D3711	"ga2/$"***\-
7D3712	"fa2/$"***\-
7D3713	"ea2/$"***\-
7D3714	"Lzvr"**+5*
7D3715	"ca2/$"***\-
7D3716	"ba2/$"***\-
7D3717	"aa2/$"***\-
7D3718	"`a2/$"***\-
7D3719	"Mzvr"**+5*
7D371A	"^a2/$"***\-
7D371B	"]a2/$"***\-
7D371C	"\a2/$"***\-
7D371D	"[a2/$"***\-
7D371E	"Nzvr"**+5*
7D371F	"Ya2/$"***\-
7D3720	"Xa2/$"***\-
7D3721	"Wa2/$"***\-
7D3722	"Va2/$"***\-
7D3723	"Ozvr"**+5*
7D3724	"Ta2/$"***\-
7D3725	"Sa2/$"***\-
7D3726	"Ra2/$"***\-
7D3727	"da^"**9-9*
7D3728	"Pzvr"**+5*
7D3729	"Oa2/$"***\-
7D372A	"Na2/$"***\-
7D372B	"Ma2/$"***\-
7D372C	"La2/$"***\-
7D372D	"Qzvr"**+5*
7D372E	"Ja2/$"***\-
7D372F	"Ia2/$"***\-
7D3730	"da^"**8-9*
7D3731	"Ga2/$"***\-
7D3732	"Rzvr"**+5*
7D3733	"Ea2/$"***\-
7D3734	"Da2/$"***\-
7D3735	"Ca2/$"***\-
7D3736	"Ba2/$"***\-
7D3737	"Szvr"**+5*
7D3738	"@a2/$"***\-
7D3739	"da^"**7-9*
7D373A	">a2/$"***\-
7D373B	"=a2/$"***\-
7D373C	"Tzvr"**+5*
7D373D	";a2/$"***\-
7D373E	":a2/$"***\-
7D373F	"9a2/$"***\-
7D3740	"8a2/$"***\-
7D3741	"Uzvr"**+5*
7D3742	"da^"**6-9*
7D3743	"5a2/$"***\-
7D3744	"4a2/$"***\-
7D3745	"eI5"**7*3*
7D3746	"Vzvr"**+5*
7D3747	"1a2/$"***\-
7D3748	"0a2/$"***\-
7D3749	"/a2/$"***\-
7D374A	".a2/$"***\-
7D374B	"da^"**5-9*
7D374C	"YY8%"***2/
7D374D	"+a2/$"***\-
7D374E	"*a2/$"***\-
7D374F	")a2/$"***\-
7D3750	"Xzvr"**+5*
7D3751	"'a2/$"***\-
7D3752	"&a2/$"***\-
7D3753	"%a2/$"***\-
7D3754	"da^"**4-9*
7D3755	"Yzvr"**+5*
7D3756	"mWM##"***\-
7D3757	"!a2/$"***\-
7D3758	"+qfY"**\-8*
7D3759	"jWM##"***\-
7D375A	"Zzvr"**+5*
7D375B	"hWM##"***\-
7D375C	"gWM##"***\-
7D375D	"da^"**3-9*
7D375E	"eWM##"***\-
7D375F	"[zvr"**+5*
7D3760	"cWM##"***\-
7D3761	"bWM##"***\-
7D3762	"aWM##"***\-
7D3763	"`WM##"***\-
7D3764	"\zvr"**+5*
7D3765	"^WM##"***\-
7D3766	"da^"**2-9*
7D3767	"\WM##"***\-
7D3768	"[WM##"***\-
7D3769	"]zvr"**+5*
7D376A	"YWM##"***\-
7D376B	"XWM##"***\-
7D376C	"WWM##"***\-
7D376D	"VWM##"***\-
7D376E	"^zvr"**+5*
7D376F	"{~c_"*+*7*
7D3770	"a2/$"***8-
7D3771	"a2/$"***7-
7D3772	"a2/$"***6-
7D3773	"a2/$"***5-
7D3774	"a2/$"***4-
7D3775	"a2/$"***3-
7D3776	"a2/$"***2-
7D3777	"a2/$"***1-
7D3778	"da^"**9*
7D3779	"a2/$"***1+
7D377A	"a2/$"***2+
7D377B	"a2/$"***3+
7D377C	"a2/$"***4+
7D377D	"a2/$"***5+
7D377E	"a2/$"***6+
7D377F	"a2/$"***7+
7D3780	"z~eR"*+*8*
7D3781	"da^"**1+9*
7D3782	"bzvr"**+5*
7D3783	"@WM##"***\-
7D3784	"?WM##"***\-
7D3785	">WM##"***\-
7D3786	"=WM##"***\-
7D3787	"czvr"**+5*
7D3788	";WM##"***\-
7D3789	":WM##"***\-
7D378A	"~{mD"**+9*
7D378B	"8WM##"***\-
7D378C	"dzvr"**+5*
7D378D	"6WM##"***\-
7D378E	"5WM##"***\-
7D378F	"4WM##"***\-
7D3790	"3WM##"***\-
7D3791	"ezvr"**+5*
7D3792	"1WM##"***\-
7D3793	"da^"**3+9*
7D3794	"/WM##"***\-
7D3795	".WM##"***\-
7D3796	"fzvr"**+5*
7D3797	",WM##"***\-
7D3798	"+WM##"***\-
7D3799	"*WM##"***\-
7D379A	")WM##"***\-
7D379B	"gzvr"**+5*
7D379C	"da^"**4+9*
7D379D	"&WM##"***\-
7D379E	"%WM##"***\-
7D379F	"$WM##"***\-
7D37A0	"hzvr"**+5*
7D37A1	"Cj3.!"***\-
7D37A2	"!WM##"***\-
7D37A3	" WM##"***\-
7D37A4	"@j3.!"***\-
7D37A5	"da^"**5+9*
7D37A6	">j3.!"***\-
7D37A7	"=j3.!"***\-
7D37A8	"Mooo"**+6*
7D37A9	";j3.!"***\-
7D37AA	"}eA"**5*2*
7D37AB	"G;~/'"*+**
7D37AC	"8j3.!"***\-
7D37AD	"7j3.!"***\-
7D37AE	"~pnJ"**+9*
7D37AF	"kzvr"**+5*
7D37B0	"~vjR"**+8*
7D37B1	"3j3.!"***\-
7D37B2	"2j3.!"***\-
7D37B3	"1j3.!"***\-
7D37B4	"lzvr"**+5*
7D37B5	"/j3.!"***\-
7D37B6	".j3.!"***\-
7D37B7	"da^"**7+9*
7D37B8	",j3.!"***\-
7D37B9	"mzvr"**+5*
7D37BA	"WM##"***9-
7D37BB	"WM##"***8-
7D37BC	"WM##"***7-
7D37BD	"WM##"***6-
7D37BE	"WM##"***5-
7D37BF	"WM##"***4-
7D37C0	"da^"**8+9*
7D37C1	"WM##"***2-
7D37C2	"WM##"***1-
7D37C3	"WM##"***
7D37C4	"WM##"***1+
7D37C5	"WM##"***2+
7D37C6	"WM##"***3+
7D37C7	"WM##"***4+
7D37C8	"WM##"***5+
7D37C9	"da^"**9+9*
7D37CA	"WM##"***7+
7D37CB	"WM##"***8+
7D37CC	"WM##"***9+
7D37CD	"qzvr"**+5*
7D37CE	"7y/'%"***\-
7D37CF	"6y/'%"***\-
7D37D0	"5y/'%"***\-
7D37D1	"4y/'%"***\-
7D37D2	"rzvr"**+5*
7D37D3	"2y/'%"***\-
7D37D4	"1y/'%"***\-
7D37D5	"0y/'%"***\-
7D37D6	"/y/'%"***\-
7D37D7	"szvr"**+5*
7D37D8	"Uooo"**+6*
7D37D9	",y/'%"***\-
7D37DA	"+y/'%"***\-
7D37DB	"j3.!"***9-
7D37DC	"j3.!"***8-
7D37DD	"j3.!"***7-
7D37DE	"j3.!"***6-
7D37DF	"j3.!"***5-
7D37E0	"tJ~q"+**4*
7D37E1	"j3.!"***3-
7D37E2	"j3.!"***2-
7D37E3	"j3.!"***1-
7D37E4	"j3.!"***
7D37E5	"j3.!"***1+
7D37E6	"j3.!"***2+
7D37E7	"j3.!"***3+
7D37E8	"j3.!"***4+
7D37E9	"j3.!"***5+
7D37EA	"j3.!"***6+
7D37EB	"j3.!"***7+
7D37EC	"j3.!"***8+
7D37ED	"j3.!"***9+
7D37EE	"+WM##"***+
7D37EF	",WM##"***+
7D37F0	"|~sr"*+*5*
7D37F1	".WM##"***+
7D37F2	"/WM##"***+
7D37F3	"0WM##"***+
7D37F4	"1WM##"***+
7D37F5	"2WM##"***+
7D37F6	"Zooo"**+6*
7D37F7	"}e=%$"***\-
7D37F8	"|e=%$"***\-
7D37F9	"{e=%$"***\-
7D37FA	"zzvr"**+5*
7D37FB	"ye=%$"***\-
7D37FC	"y/'%"***9-
7D37FD	"y/'%"***8-
7D37FE	"y/'%"***7-
7D37FF	"y/'%"***6-
