31E800	"@~sn"*+*4*
31E801	"yjU"**9+3*
31E802	"1,)%"***6+
31E803	"RMJ"**1+7*
31E804	"r_~~2"++**
31E805	"1,)%"***9+
31E806	"i|ym"**\-2*
31E807	"sO("**7+9*
31E808	"qlC"**2-4*
31E809	";~qa"*+*5*
31E80A	"yU5"**6+6*
31E80B	"qlC"**4*5-
31E80C	"qlC"**1-4*
31E80D	"qlC"**4*3-
31E80E	"yj3"**8+5*
31E80F	"qlC"**4*1-
31E810	"qlC"**4*
31E811	"RMJ"**3+7*
31E812	"qlC"**4*2+
31E813	"yj3"**9+5*
31E814	"qlC"**1+4*
31E815	"qlC"**4*5+
31E816	"yU5"**8+6*
31E817	"qlC"**4*7+
31E818	"qlC"**2+4*
31E819	"sO("**9+9*
31E81A	"_|ym"**\-2*
31E81B	"e5/'"***3/
31E81C	"qlC"**3+4*
31E81D	"!1,)%"***+
31E81E	"]|ym"**\-2*
31E81F	"RMJ"**5+7*
31E820	"qlC"**4+4*
31E821	"%1,)%"***+
31E822	"qHC"**3+6*
31E823	"'1,)%"***+
31E824	"qlC"**5+4*
31E825	")1,)%"***+
31E826	"RMJ"**6+7*
31E827	"+1,)%"***+
31E828	"qlC"**6+4*
31E829	"-1,)%"***+
31E82A	"zS~~G"++**
31E82B	"~uE-"**+9*
31E82C	"qlC"**7+4*
31E82D	"RMJ"**7+7*
31E82E	"qHC"**5+6*
31E82F	"31,)%"***+
31E830	"qlC"**8+4*
31E831	"iYF"**9-5*
31E832	"ws~q"+**9-
31E833	"ws~q"+**8-
31E834	"ws~q"+**7-
31E835	"ws~q"+**6-
31E836	"ws~q"+**5-
31E837	"ws~q"+**4-
31E838	"ws~q"+**3-
31E839	"ws~q"+**2-
31E83A	"ws~q"+**1-
31E83B	"ws~q"+**
31E83C	"ws~q"+**1+
31E83D	"ws~q"+**2+
31E83E	"ws~q"+**3+
31E83F	"ws~q"+**4+
31E840	"ws~q"+**5+
31E841	"ws~q"+**6+
31E842	"ws~q"+**7+
31E843	"ws~q"+**8+
31E844	"ws~q"+**9+
31E845	"iYF"**5-5*
31E846	"o~e`"*+*3*
31E847	"K1,)%"***+
31E848	"qC6"**7+8*
31E849	"}bY"**7-3*
31E84A	"iYF"**4-5*
31E84B	"O1,)%"***+
31E84C	"}bY"**6-3*
31E84D	"Q1,)%"***+
31E84E	"R1,)%"***+
31E84F	"}bY"**5-3*
31E850	"tj&"**7*
31E851	"U1,)%"***+
31E852	"}bY"**4-3*
31E853	"W1,)%"***+
31E854	"iYF"**2-5*
31E855	"}bY"**3-3*
31E856	"Z1,)%"***+
31E857	"tj&"**1+7*
31E858	"}bY"**2-3*
31E859	"iYF"**1-5*
31E85A	"^1,)%"***+
31E85B	"}bY"**1-3*
31E85C	"e\X"**9-4*
31E85D	"a1,)%"***+
31E85E	"}bY"**3*
31E85F	"c1,)%"***+
31E860	"e\X"**8-4*
31E861	"}bY"**1+3*
31E862	"f1,)%"***+
31E863	"iYF"**1+5*
31E864	"}bY"**2+3*
31E865	"tj&"**3+7*
31E866	"j1,)%"***+
31E867	"}bY"**3+3*
31E868	"e\X"**6-4*
31E869	"m1,)%"***+
31E86A	"}bY"**4+3*
31E86B	"o1,)%"***+
31E86C	"e\X"**5-4*
31E86D	"gWI"**5*
31E86E	"r1,)%"***+
31E86F	"s1,)%"***+
31E870	"}bY"**6+3*
31E871	"u1,)%"***+
31E872	"iYF"**4+5*
31E873	"}bY"**7+3*
31E874	"e\X"**3-4*
31E875	"y1,)%"***+
31E876	"}bY"**8+3*
31E877	"iYF"**5+5*
31E878	"e\X"**2-4*
31E879	"}bY"**9+3*
31E87A	"tj&"**6+7*
31E87B	"e\X"**4*5-
31E87C	"e\X"**1-4*
31E87D	"e\X"**4*3-
31E87E	"e\X"**4*2-
31E87F	"e\X"**4*1-
31E880	"e\X"**4*
31E881	"iYF"**7+5*
31E882	"}Y1"**6+6*
31E883	"e\X"**4*3+
31E884	"e\X"**1+4*
31E885	"e\X"**4*5+
31E886	"iYF"**8+5*
31E887	"e\X"**4*7+
31E888	"e\X"**2+4*
31E889	"e\X"**4*9+
31E88A	"hUJ"**5*6-
31E88B	"iYF"**9+5*
31E88C	"e\X"**3+4*
31E88D	"hUJ"**5*3-
31E88E	"}Y1"**8+6*
31E88F	"tj&"**9+7*
31E890	"hUJ"**5*
31E891	"hUJ"**5*1+
31E892	"hUJ"**5*2+
31E893	"hUJ"**5*3+
31E894	"e\X"**5+4*
31E895	"gWI"**8+5*
31E896	"C~k@"*+*7*
31E897	"EE~g"+**3*
31E898	"e\X"**6+4*
31E899	"hUJ"**5*9+
31E89A	"gWI"**9+5*
31E89B	"{`~w "++**5-
31E89C	"e\X"**7+4*
31E89D	"}Y*"**9+7*
31E89E	"I~vn"**\-2*
31E89F	"hUJ"**3+5*
31E8A0	"{`~w "++**
31E8A1	"{`~w "++**1+
31E8A2	"G~vn"**\-2*
31E8A3	"/xvM"**\-3*
31E8A4	"e\X"**9+4*
31E8A5	"{`~w "++**5+
31E8A6	"E~vn"**\-2*
31E8A7	"{`~w "++**7+
31E8A8	"e\,"**5+8*
31E8A9	"hUJ"**5+5*
31E8AA	"C~vn"**\-2*
31E8AB	"4ww!"**\-7*
31E8AC	"G~v@"*+*6*
31E8AD	"oO~~y"++**8-
31E8AE	"hUJ"**6+5*
31E8AF	"+xvM"**\-3*
31E8B0	"e\,"**6+8*
31E8B1	"oO~~y"++**4-
31E8B2	"w~c-"*+*6*
31E8B3	"hUJ"**7+5*
31E8B4	"ym>"**9-4*
31E8B5	"oO~~y"++**
31E8B6	"z;0#!"***\-
31E8B7	"y;0#!"***\-
31E8B8	"xa~{ "++**
31E8B9	"~ws~q"+**+
31E8BA	"v;0#!"***\-
31E8BB	"ut~s"+**9-
31E8BC	"ut~s"+**8-
31E8BD	"ut~s"+**7-
31E8BE	"ut~s"+**6-
31E8BF	"ut~s"+**5-
31E8C0	"pb~~."++**
31E8C1	"ut~s"+**3-
31E8C2	"n_~~="++**
31E8C3	"ut~s"+**1-
31E8C4	"ut~s"+**
31E8C5	"ut~s"+**1+
31E8C6	"ut~s"+**2+
31E8C7	"ut~s"+**3+
31E8C8	"ut~s"+**4+
31E8C9	"ut~s"+**5+
31E8CA	"ut~s"+**6+
31E8CB	"ut~s"+**7+
31E8CC	"ut~s"+**8+
31E8CD	"ut~s"+**9+
31E8CE	"|ym"**5-2*
31E8CF	"|y~\"+**9-
31E8D0	"|y~\"+**8-
31E8D1	"|y~\"+**7-
31E8D2	"|y~\"+**6-
31E8D3	"|y~\"+**5-
31E8D4	"|y~\"+**4-
31E8D5	"|y~\"+**3-
31E8D6	"|y~\"+**2-
31E8D7	"|y~\"+**1-
31E8D8	"|y~\"+**
31E8D9	"|y~\"+**1+
31E8DA	"|y~\"+**2+
31E8DB	"|y~\"+**3+
31E8DC	"|y~\"+**4+
31E8DD	"|y~\"+**5+
31E8DE	"|y~\"+**6+
31E8DF	"|y~\"+**7+
31E8E0	"|y~\"+**8+
31E8E1	"|y~\"+**9+
31E8E2	"|ym"**5+2*
31E8E3	"M;0#!"***\-
31E8E4	"|ym"**6+2*
31E8E5	"eU_ "+**3*
31E8E6	"|ym"**7+2*
31E8E7	"I;0#!"***\-
31E8E8	"|ym"**8+2*
31E8E9	"G;0#!"***\-
31E8EA	"|ym"**9+2*
31E8EB	"E;0#!"***\-
31E8EC	"ym>"**5+4*
31E8ED	"C;0#!"***\-
31E8EE	"B;0#!"***\-
31E8EF	"A;0#!"***\-
31E8F0	"ym>"**6+4*
31E8F1	"xv!"**9-7*
31E8F2	"qR~~e"++**
31E8F3	"=;0#!"***\-
31E8F4	"ym>"**7+4*
31E8F5	";;0#!"***\-
31E8F6	":;0#!"***\-
31E8F7	"9;0#!"***\-
31E8F8	"ym>"**8+4*
31E8F9	"7;0#!"***\-
31E8FA	"xM;"**9-6*
31E8FB	"5;0#!"***\-
31E8FC	"ym>"**9+4*
31E8FD	"3;0#!"***\-
31E8FE	"2;0#!"***\-
31E8FF	"I%~/"+**7*
31E900	"xM;"**8-6*
31E901	"/;0#!"***\-
31E902	".;0#!"***\-
31E903	"~v,"**9-5*
31E904	",;0#!"***\-
31E905	"+;0#!"***\-
31E906	"xM;"**7-6*
31E907	");0#!"***\-
31E908	"~v,"**8-5*
31E909	"';0#!"***\-
31E90A	"&;0#!"***\-
31E90B	"%;0#!"***\-
31E90C	"~v7"**9-4*
31E90D	"~v,"**7-5*
31E90E	"xM;"**7-6*8+
31E90F	"!;0#!"***\-
31E910	"~v7"**8-4*
31E911	"~v,"**8-5*9+
31E912	"~v,"**6-5*
31E913	"~v7"**9-4*7+
31E914	"~v7"**7-4*
31E915	"xvM"**9-3*
31E916	"}9/%!"***\-
31E917	"~v,"**5-5*
31E918	"xvM"**8-3*
31E919	"z9/%!"***\-
31E91A	"!|ym"**+2*
31E91B	"xvM"**7-3*
31E91C	"~v7"**5-4*
31E91D	"v9/%!"***\-
31E91E	"zQ~~O"++**
31E91F	"t9/%!"***\-
31E920	"~vn"**8-2*
31E921	"xvM"**5-3*
31E922	"~vn"**7-2*
31E923	"p9/%!"***\-
31E924	"oj~x "++**
31E925	"n9/%!"***\-
31E926	"~vn"**5-2*
31E927	"~v~^"+**9-
31E928	"~v~^"+**8-
31E929	"~v~^"+**7-
31E92A	"~v~^"+**6-
31E92B	"~v~^"+**5-
31E92C	"~v~^"+**4-
31E92D	"~v~^"+**3-
31E92E	"~v~^"+**2-
31E92F	"~v~^"+**1-
31E930	"~v~^"+**
31E931	"~v~^"+**1+
31E932	"~v~^"+**2+
31E933	"~v~^"+**3+
31E934	"~v~^"+**4+
31E935	"~v~^"+**5+
31E936	"~v~^"+**6+
31E937	"~v~^"+**7+
31E938	"~v~^"+**8+
31E939	"~v~^"+**9+
31E93A	"~vn"**5+2*
31E93B	"X9/%!"***\-
31E93C	"~vn"**6+2*
31E93D	"V9/%!"***\-
31E93E	"~vn"**7+2*
31E93F	"xvM"**5+3*
31E940	"~vn"**8+2*
31E941	"R9/%!"***\-
31E942	"~ut~s"+**+
31E943	"P9/%!"***\-
31E944	"~v7"**5+4*
31E945	"m~wS"*+*3*
31E946	"7|ym"**+2*
31E947	"L9/%!"***\-
31E948	"xvM"**8+3*
31E949	"~v,"**5+5*
31E94A	"[[O"**5*9-
31E94B	"xvM"**9+3*
31E94C	"~v7"**7+4*
31E94D	"[[O"**5*6-
31E94E	"~v,"**6+5*
31E94F	"[[O"**5*4-
31E950	"~v7"**8+4*
31E951	"[[O"**5*2-
31E952	"[[O"**5*1-
31E953	"[[O"**5*
31E954	"|~kQ"*+*3*
31E955	"[[O"**5*2+
31E956	"~|y~\"+**+
31E957	"[[O"**5*4+
31E958	"~v,"**8+5*
31E959	"[[O"**5*6+
31E95A	"xM;"**7+6*
31E95B	"[[O"**5*8+
31E95C	"[[O"**5*9+
31E95D	"~_UQ"**+5*
31E95E	"C|ym"**+2*
31E95F	"49/%!"***\-
31E960	"xM;"**8+6*
31E961	"xv!"**7+7*
31E962	"[[O"**3+5*
31E963	"q~kY"*+*3*
31E964	"F|ym"**+2*
31E965	".9/%!"***\-
31E966	"xM;"**9+6*
31E967	"[[O"**4+5*
31E968	"~vk%"**+7*
31E969	"Y~}a"*+*3*
31E96A	"I|ym"**+2*
31E96B	"(9/%!"***\-
31E96C	"[[O"**5+5*
31E96D	"&9/%!"***\-
31E96E	"K|ym"**+2*
31E96F	"Q~c9"*+*7*
31E970	"~;7"**8+8*
31E971	"[[O"**6+5*
31E972	"gOC"**8-6*
31E973	" 9/%!"***\-
31E974	"D;0#!"***+
31E975	"E;0#!"***+
31E976	"[[O"**7+5*
31E977	"G;0#!"***+
31E978	"gOC"**7-6*
31E979	"I;0#!"***+
31E97A	"J;0#!"***+
31E97B	"[[O"**8+5*
31E97C	"L;0#!"***+
31E97D	"[OA"**6+7*
31E97E	"gOC"**6-6*
31E97F	"O;0#!"***+
31E980	"[[O"**9+5*
31E981	"vX#"**9+9*
31E982	"R;0#!"***+
31E983	"S;0#!"***+
31E984	"b~}X"*+*3*
31E985	"U;0#!"***+
31E986	"V;0#!"***+
31E987	"W;0#!"***+
31E988	"X;0#!"***+
31E989	"Y;0#!"***+
31E98A	"gOC"**4-6*
31E98B	"[OA"**8+7*
31E98C	"9/%!"***7-
31E98D	"9/%!"***6-
31E98E	"9/%!"***5-
31E98F	"9/%!"***4-
31E990	"gOC"**3-6*
31E991	"9/%!"***2-
31E992	"[OA"**9+7*
31E993	"9/%!"***
31E994	"9/%!"***1+
31E995	"9/%!"***2+
31E996	"gOC"**2-6*
31E997	"9/%!"***4+
31E998	"9/%!"***5+
31E999	"9/%!"***6+
31E99A	"9/%!"***7+
31E99B	"9/%!"***8+
31E99C	"gOC"**1-6*
31E99D	"m;0#!"***+
31E99E	"n;0#!"***+
31E99F	"o;0#!"***+
31E9A0	"p;0#!"***+
31E9A1	"q;0#!"***+
31E9A2	"gOC"**6*
31E9A3	"s;0#!"***+
31E9A4	"t;0#!"***+
31E9A5	"u;0#!"***+
31E9A6	"v;0#!"***+
31E9A7	"w;0#!"***+
31E9A8	"gOC"**1+6*
31E9A9	"y;0#!"***+
31E9AA	"z;0#!"***+
31E9AB	"{;0#!"***+
31E9AC	"|;0#!"***+
31E9AD	"};0#!"***+
31E9AE	"[~rh"*+*3*
31E9AF	"m~|~s"+*+*3-
31E9B0	"n{zm"**\-2*
31E9B1	"%td^"**\-3*
31E9B2	"m~|~s"+*+*
31E9B3	" 9/%!"***+
31E9B4	"gOC"**3+6*
31E9B5	"(YY;"**\-7*
31E9B6	"#9/%!"***+
31E9B7	"$9/%!"***+
31E9B8	"%9/%!"***+
31E9B9	"&9/%!"***+
31E9BA	"gOC"**4+6*
31E9BB	"(9/%!"***+
31E9BC	")9/%!"***+
31E9BD	"*9/%!"***+
31E9BE	"+9/%!"***+
31E9BF	",9/%!"***+
31E9C0	"l~fI"*+*4*
31E9C1	".9/%!"***+
31E9C2	"/9/%!"***+
31E9C3	"09/%!"***+
31E9C4	"19/%!"***+
31E9C5	"29/%!"***+
31E9C6	"gOC"**6+6*
31E9C7	"49/%!"***+
31E9C8	"59/%!"***+
31E9C9	"WSw "+**3*
31E9CA	"y~|~["+*+*
31E9CB	"89/%!"***+
31E9CC	"gOC"**7+6*
31E9CD	":9/%!"***+
31E9CE	";9/%!"***+
31E9CF	"<9/%!"***+
31E9D0	"|~g2"*+*5*
31E9D1	">9/%!"***+
31E9D2	"gOC"**8+6*
31E9D3	"@9/%!"***+
31E9D4	"A9/%!"***+
31E9D5	"}A=!"***5/
31E9D6	"C9/%!"***+
31E9D7	"D9/%!"***+
31E9D8	"gOC"**9+6*
31E9D9	"F9/%!"***+
31E9DA	"I~^^"*+*5*
31E9DB	"a~u_"*+*3*
31E9DC	"I9/%!"***+
31E9DD	"J9/%!"***+
31E9DE	"K9/%!"***+
31E9DF	"ww!"**8-7*
31E9E0	"X~gY"*+*4*
31E9E1	"N9/%!"***+
31E9E2	"O9/%!"***+
31E9E3	"P9/%!"***+
31E9E4	"U~S2"*+*9*
31E9E5	"R9/%!"***+
31E9E6	":~gM"*+*7*
31E9E7	"T9/%!"***+
31E9E8	"tK/"**7-8*
31E9E9	"V9/%!"***+
31E9EA	"td/"**9-6*
31E9EB	"X9/%!"***+
31E9EC	"Y9/%!"***+
31E9ED	"~yu!"**+7*
31E9EE	"[9/%!"***+
31E9EF	"\9/%!"***+
31E9F0	"\~t2"*+*6*
31E9F1	"^9/%!"***+
31E9F2	"_9/%!"***+
31E9F3	"xt/"**9-5*
31E9F4	"ww!"**5-7*
31E9F5	"b9/%!"***+
31E9F6	"td/"**7-6*
31E9F7	"d9/%!"***+
31E9F8	"xt/"**8-5*
31E9F9	"f9/%!"***+
31E9FA	"g9/%!"***+
31E9FB	"ww!"**4-7*
31E9FC	"wwM"**9-3*
31E9FD	"xt/"**7-5*
31E9FE	"k9/%!"***+
31E9FF	"wwM"**8-3*
31EA00	"tK/"**4-8*
31EA01	"n9/%!"***+
31EA02	"wwM"**7-3*
31EA03	"p9/%!"***+
31EA04	"q9/%!"***+
31EA05	"wwM"**6-3*
31EA06	"s9/%!"***+
31EA07	"xt/"**5-5*
31EA08	"wwM"**5-3*
31EA09	"g[~~a"++**
31EA0A	"w9/%!"***+
31EA0B	"wwM"**4-3*
31EA0C	"xt/"**4-5*
31EA0D	"z9/%!"***+
31EA0E	"ww~i"+**9-
31EA0F	"ww~i"+**8-
31EA10	"ww~i"+**7-
31EA11	"ww~i"+**6-
31EA12	"ww~i"+**5-
31EA13	"ww~i"+**4-
31EA14	"ww~i"+**3-
31EA15	"ww~i"+**2-
31EA16	"ww~i"+**1-
31EA17	"ww~i"+**
31EA18	"ww~i"+**1+
31EA19	"ww~i"+**2+
31EA1A	"ww~i"+**3+
31EA1B	"ww~i"+**4+
31EA1C	"vS~~R"++**
31EA1D	"ww~i"+**6+
31EA1E	"ww~i"+**7+
31EA1F	"ww~i"+**8+
31EA20	"xt~m"+**
31EA21	"xt~m"+**1+
31EA22	"xt~m"+**2+
31EA23	"xt~m"+**3+
31EA24	"xt~m"+**4+
31EA25	"xt~m"+**5+
31EA26	"xt~m"+**6+
31EA27	"xt~m"+**7+
31EA28	"xt~m"+**8+
31EA29	"xt~m"+**9+
31EA2A	"xt/"**2+5*
31EA2B	"xt~m"+**2+9+
31EA2C	"~~hR"*+*3*
31EA2D	"xt~m"+**4+9+
31EA2E	"/{zm"**\-2*
31EA2F	"wwM"**8+3*
31EA30	"tK/"**2+8*
31EA31	"xt~m"+**8+9+
31EA32	"wwM"**9+3*
31EA33	"ww!"**4+7*
31EA34	"xt/"**4+5*
31EA35	"td^"**7+3*
31EA36	"+{zm"**\-2*
31EA37	"wwM"**8+3*8+
31EA38	"td^"**8+3*
31EA39	"U+~5"+**5*
31EA3A	"R)k "+**7*
31EA3B	"td^"**9+3*
31EA3C	"t^K"**7+4*
31EA3D	"xt/"**4+5*9+
31EA3E	"xt/"**6+5*
31EA3F	"td^"**8+3*7+
31EA40	"O~e2"*+*8*
31EA41	"ww!"**6+7*
31EA42	"%{zm"**\-2*
31EA43	"xt/"**7+5*
31EA44	"td/"**6+6*
31EA45	"xt/"**6+5*7+
31EA46	"#{zm"**\-2*
31EA47	"kO+"**8-9*
31EA48	"xt/"**8+5*
31EA49	"O~e2"*+*8*9+
31EA4A	"td/"**7+6*
31EA4B	"xt/"**7+5*8+
31EA4C	">>.%"***2/
31EA4D	"~oSG"**+5*
31EA4E	"kO+"**8-9*7+
31EA4F	"=/~%"+**7*
31EA50	"td/"**8+6*
31EA51	"xt/"**8+5*9+
31EA52	"i]C"**5-5*
31EA53	"cwtO"**\-3*
31EA54	"JwWO"**\-4*
31EA55	"~oSG"**+5*8+
31EA56	"G~[S"*+*6*
31EA57	"i]C"**4-5*
31EA58	"tK/"**7+8*
31EA59	"kO+"**6-9*
31EA5A	"[V~S"+**5-2*
31EA5B	"i]C"**5-5*9+
31EA5C	"~yj3"**+5*
31EA5D	"]KC"**2-7*
31EA5E	"[V~S"+**3-2*
31EA5F	"_wtO"**\-3*
31EA60	"tK/"**8+8*
31EA61	"i]C"**2-5*
31EA62	"jQ_ "+**3*
31EA63	"i]C"**5*8-
31EA64	"n[+&"***5/
31EA65	"i]C"**5*6-
31EA66	"i]C"**1-5*
31EA67	"i]C"**5*4-
31EA68	"{m="**9-4*
31EA69	"i]C"**5*2-
31EA6A	"i]C"**5*1-
31EA6B	"i]C"**5*
31EA6C	"{m="**8-4*
31EA6D	"i]C"**5*2+
31EA6E	"zm)"**5-6*
31EA6F	"i]C"**5*4+
31EA70	"{m="**7-4*
31EA71	"zmR"**9-3*
31EA72	"~dI@"**+7*
31EA73	"i]C"**5*8+
31EA74	"zmR"**8-3*
31EA75	"i]C"**2+5*
31EA76	"[V~S"+**9+2*
31EA77	"zmR"**7-3*
31EA78	"~e\X"**+4*
31EA79	"]KC"**2+7*
31EA7A	"{zm"**9-2*
31EA7B	"~dI@"**+7*9+
31EA7C	"{zm"**8-2*
31EA7D	"zmR"**5-3*
31EA7E	"{zm"**7-2*
31EA7F	"i]C"**4+5*
31EA80	"{zm"**6-2*
31EA81	"~e\X"**+4*9+
31EA82	"{zm"**5-2*
31EA83	"{z~\"+**9-
31EA84	"{z~\"+**8-
31EA85	"{z~\"+**7-
31EA86	"{z~\"+**6-
31EA87	"{z~\"+**5-
31EA88	"{z~\"+**4-
31EA89	"{z~\"+**3-
31EA8A	"{z~\"+**2-
31EA8B	"{z~\"+**1-
31EA8C	"{z~\"+**
31EA8D	"{z~\"+**1+
31EA8E	"{z~\"+**2+
31EA8F	"kO+"**9*
31EA90	"{z~\"+**4+
31EA91	"{z~\"+**5+
31EA92	"{z~\"+**6+
31EA93	"{z~\"+**7+
31EA94	"{z~\"+**8+
31EA95	"~ww~i"+**+
31EA96	"xu~k"+**2-
31EA97	"xu~k"+**1-
31EA98	"xu~k"+**
31EA99	"xu~k"+**1+
31EA9A	"xu~k"+**2+
31EA9B	"xu~k"+**3+
31EA9C	"xu~k"+**4+
31EA9D	"a_G"**5*
31EA9E	"~xt~m"+**+
31EA9F	"xu~k"+**7+
31EAA0	"xu~k"+**8+
31EAA1	"xu~k"+**9+
31EAA2	"a_G"**1+5*
31EAA3	"]KC"**8+7*
31EAA4	"zmR"**8+3*
31EAA5	"a_G"**5*8+
31EAA6	"a_G"**5*9+
31EAA7	"zmR"**9+3*
31EAA8	"{m="**7+4*
31EAA9	"xu~k"+**8+9+
31EAAA	"zm)"**5+6*
31EAAB	"a_G"**1+5*9+
31EAAC	"{m="**8+4*
31EAAD	"EwtO"**\-3*
31EAAE	"{zm"**8+9+2*
31EAAF	"a_G"**5*9+9+
31EAB0	"rD~U"+**2*
31EAB1	"a_G"**4+5*
31EAB2	"rD~U"+**1+2*
31EAB3	"kO+"**4+9*
31EAB4	"2wWO"**\-4*
31EAB5	"{m="**8+4*9+
31EAB6	"qK~C"+**2*
31EAB7	"rD~U"+**2*7+
31EAB8	"YY;"**3-7*
31EAB9	"AwtO"**\-3*
31EABA	"rD~U"+**5+2*
31EABB	"a_G"**6+5*
31EABC	"y~|l"*+*2*
31EABD	"CC75"***7-4/
31EABE	"m1##"***9-2/
31EABF	"YY;"**2-7*
31EAC0	"a_G"**7+5*
31EAC1	"m1##"***3-2/
31EAC2	"zm)"**9+6*
31EAC3	"m1##"***1+2/
31EAC4	"YY;"**7*9-
31EAC5	"a_G"**8+5*
31EAC6	"YY;"**1-7*
31EAC7	"YY;"**7*6-
31EAC8	"aMI"**9-6*
31EAC9	"YY;"**7*4-
31EACA	"a_G"**9+5*
31EACB	"YY;"**7*2-
31EACC	"YY;"**7*1-
31EACD	"YY;"**7*
31EACE	"W~YE"*+*6*
31EACF	"eRO"**3-5*
31EAD0	"~ym>"**+4*
31EAD1	"YY;"**7*4+
31EAD2	"YY;"**7*5+
31EAD3	"YY;"**7*6+
31EAD4	"i~aO"*+*4*
31EAD5	"YY;"**7*8+
31EAD6	"YY;"**7*9+
31EAD7	"g~S)"*+*9*
31EAD8	"eRO"**5*6-
31EAD9	"eRO"**1-5*
31EADA	"~yU5"**+6*
31EADB	"YY;"**2+7*
31EADC	"eRO"**5*2-
31EADD	"eRO"**5*1-
31EADE	"eRO"**5*
31EADF	"eRO"**5*1+
31EAE0	"o`~~7"++**
31EAE1	"eRO"**5*3+
31EAE2	"YY;"**3+7*
31EAE3	"eRO"**1+5*
31EAE4	"eRO"**5*6+
31EAE5	"eRO"**5*7+
31EAE6	"aMI"**4-6*
31EAE7	"eRO"**5*9+
31EAE8	"n~RG"*+*5*
31EAE9	"9~uE"*+*7*
31EAEA	"/{zm"**+2*
31EAEB	"YY;"**3+7*9+
31EAEC	"aMI"**3-6*
31EAED	"eRO"**3+5*
31EAEE	"1{zm"**+2*
31EAEF	"/wtO"**\-3*
31EAF0	"YY;"**5+7*
31EAF1	"m~y~y"+*+*8-
31EAF2	"eRO"**4+5*
31EAF3	"m~y~y"+*+*6-
31EAF4	"4{zm"**+2*
31EAF5	"aMI"**6*9-
31EAF6	"aMI"**6*8-
31EAF7	"eRO"**5+5*
31EAF8	"aMI"**1-6*
31EAF9	"m~y~y"+*+*
31EAFA	"aMI"**6*4-
31EAFB	"e=;"**8-9*
31EAFC	"eRO"**6+5*
31EAFD	"aMI"**6*1-
31EAFE	"aMI"**6*
31EAFF	"vt~q"+**9-
31EB00	"vt~q"+**8-
31EB01	"vt~q"+**7-
31EB02	"vt~q"+**6-
31EB03	"vt~q"+**5-
31EB04	"vt~q"+**4-
31EB05	"vt~q"+**3-
31EB06	"vt~q"+**2-
31EB07	"vt~q"+**1-
31EB08	"vt~q"+**
31EB09	"vt~q"+**1+
31EB0A	"~{z~\"+**+
31EB0B	"vt~q"+**3+
31EB0C	"vt~q"+**4+
31EB0D	"vt~q"+**5+
31EB0E	"vt~q"+**6+
31EB0F	"vt~q"+**7+
31EB10	"xV~~A"++**
31EB11	"vt~q"+**9+
31EB12	"C{zm"**+2*
31EB13	"aIB"**3+7*
31EB14	"D{zm"**+2*
31EB15	"m>)'!"***\-
31EB16	"aMI"**4+6*
31EB17	"k>)'!"***\-
31EB18	"F{zm"**+2*
31EB19	"i>)'!"***\-
31EB1A	"aIB"**4+7*
31EB1B	"g>)'!"***\-
31EB1C	"aMI"**5+6*
31EB1D	"e>)'!"***\-
31EB1E	"I{zm"**+2*
31EB1F	"e=;"**4-9*
31EB20	"J{zm"**+2*
31EB21	"aIB"**5+7*
31EB22	"aMI"**6+6*
31EB23	"_>)'!"***\-
31EB24	"L{zm"**+2*
31EB25	"]>)'!"***\-
31EB26	"M{zm"**+2*
31EB27	"[>)'!"***\-
31EB28	"~~_C"*+*4*
31EB29	"Y>)'!"***\-
31EB2A	"O{zm"**+2*
31EB2B	"W>)'!"***\-
31EB2C	"P{zm"**+2*
31EB2D	"U>)'!"***\-
31EB2E	"aMI"**8+6*
31EB2F	"aIB"**7+7*
31EB30	"R{zm"**+2*
31EB31	"e=;"**2-9*
31EB32	"S{zm"**+2*
31EB33	"O>)'!"***\-
31EB34	"aMI"**9+6*
31EB35	"M>)'!"***\-
31EB36	"aIB"**8+7*
31EB37	"K>)'!"***\-
31EB38	"V{zm"**+2*
31EB39	"I>)'!"***\-
31EB3A	"^~W+"*+*9*
31EB3B	"e=;"**9*8-
31EB3C	"e=;"**9*7-
31EB3D	"aIB"**9+7*
31EB3E	"e=;"**9*5-
31EB3F	"e=;"**9*4-
31EB40	"e=;"**9*3-
31EB41	"e=;"**9*2-
31EB42	":~sa"*+*5*
31EB43	"e=;"**9*
31EB44	"|~y~["+*+*
31EB45	"e=;"**9*2+
31EB46	"wO:"**9-6*
31EB47	"e=;"**9*4+
31EB48	"e=;"**9*5+
31EB49	"e=;"**9*6+
31EB4A	"e=;"**9*7+
31EB4B	"tO3"**7-7*
31EB4C	"}~xl"*+*2*
31EB4D	"5>)'!"***\-
31EB4E	"a{zm"**+2*
31EB4F	"3>)'!"***\-
31EB50	"qM/"**9-8*
31EB51	"1>)'!"***\-
31EB52	"~}Y1"**+6*
31EB53	"/>)'!"***\-
31EB54	"d{zm"**+2*
31EB55	"~}93"**+9*
31EB56	"e{zm"**+2*
31EB57	"+>)'!"***\-
31EB58	"wWO"**9-4*
31EB59	"tO3"**5-7*
31EB5A	"g{zm"**+2*
31EB5B	"'>)'!"***\-
31EB5C	"wWO"**8-4*
31EB5D	"%>)'!"***\-
31EB5E	"wO:"**5-6*
31EB5F	"#>)'!"***\-
31EB60	"sp~` "++**
31EB61	"wtO"**9-3*
31EB62	"k{zm"**+2*
31EB63	"sp~` "++**3+
31EB64	"wtO"**8-3*
31EB65	"k~q5"*+*5*
31EB66	"mV~~a"++**
31EB67	"wtO"**7-3*
31EB68	"wWO"**5-4*
31EB69	"sp~` "++**9+
31EB6A	"wtO"**6-3*
31EB6B	"mV~~a"++**5+
31EB6C	"wWO"**4-4*
31EB6D	"wtO"**5-3*
31EB6E	"tO3"**2-7*
31EB6F	"5{_8"**\-5*
31EB70	"wtO"**4-3*
31EB71	"a^.'"***7-5/
31EB72	"s{zm"**+2*
31EB73	"wt~o"+**9-
31EB74	"wt~o"+**8-
31EB75	"wt~o"+**7-
31EB76	"wt~o"+**6-
31EB77	"wt~o"+**5-
31EB78	"wt~o"+**4-
31EB79	"wt~o"+**3-
31EB7A	"wt~o"+**2-
31EB7B	"wt~o"+**1-
31EB7C	"wt~o"+**
31EB7D	"wt~o"+**1+
31EB7E	"wt~o"+**2+
31EB7F	"wt~o"+**3+
31EB80	"wt~o"+**4+
31EB81	"wt~o"+**5+
31EB82	">)'!"***
31EB83	"wt~o"+**7+
31EB84	"wt~o"+**8+
31EB85	"wt~o"+**9+
31EB86	"~vt~q"+**+
31EB87	">)'!"***5+
31EB88	"wtO"**4+3*
31EB89	">)'!"***7+
31EB8A	"tO3"**2+7*
31EB8B	"wtO"**5+3*
31EB8C	"wWO"**4+4*
31EB8D	"sG-  "***\-
31EB8E	"wtO"**6+3*
31EB8F	"q^M"**4*9-
31EB90	"wWO"**5+4*
31EB91	"wtO"**7+3*
31EB92	"q^M"**4*6-
31EB93	"q^M"**4*5-
31EB94	"r~vP"*+*3*
31EB95	"q^M"**4*3-
31EB96	"q^M"**4*2-
31EB97	"wtO"**9+3*
31EB98	"q^M"**4*
31EB99	"q^M"**4*1+
31EB9A	"~td^"**+3*
31EB9B	"q^M"**4*3+
31EB9C	"wWO"**8+4*
31EB9D	"q^M"**4*5+
31EB9E	"q^M"**4*6+
31EB9F	"tO3"**5+7*
31EBA0	"j~sB"*+*4*
31EBA1	"q^M"**4*9+
31EBA2	"^G-  "***\-
31EBA3	"]G-  "***\-
31EBA4	"q^M"**3+4*
31EBA5	"[G-  "***\-
31EBA6	"mWE"**9-5*
31EBA7	"YG-  "***\-
31EBA8	"q^M"**4+4*
31EBA9	"WG-  "***\-
31EBAA	"VG-  "***\-
31EBAB	"mWE"**8-5*
31EBAC	"q^M"**5+4*
31EBAD	"tO3"**7+7*
31EBAE	"y~t~j"+*+*
31EBAF	"PG@"**9-9*
31EBB0	"q^M"**6+4*
31EBB1	"OG-  "***\-
31EBB2	"wO:"**9+6*
31EBB3	"MG-  "***\-
31EBB4	"q^M"**7+4*
31EBB5	"pk["**9-3*
31EBB6	"JG-  "***\-
31EBB7	"|aD"**4*9-
31EBB8	"pk["**8-3*
31EBB9	"GG;!"***3/
31EBBA	"mWE"**5-5*
31EBBB	"pk["**7-3*
31EBBC	"q^M"**9+4*
31EBBD	"|aD"**4*3-
31EBBE	"pk["**6-3*
31EBBF	"mWE"**4-5*
31EBC0	"|aD"**4*
31EBC1	"pk["**5-3*
31EBC2	"~tj&"**+7*
31EBC3	"|aD"**4*3+
31EBC4	"pk["**4-3*
31EBC5	"|aD"**4*5+
31EBC6	"|aD"**4*6+
31EBC7	"pk["**3-3*
31EBC8	"|aD"**2+4*
31EBC9	"mWE"**2-5*
31EBCA	"pk["**2-3*
31EBCB	"pk["**3*5-
31EBCC	"|aD"**3+4*
31EBCD	"pk["**1-3*
31EBCE	"mWE"**1-5*
31EBCF	"pk["**3*1-
31EBD0	"pk["**3*
31EBD1	"pk["**3*1+
31EBD2	"pk["**3*2+
31EBD3	"smW"**3*
31EBD4	"|aD"**5+4*
31EBD5	"pk["**3*5+
31EBD6	"pk["**2+3*
31EBD7	"q^,"**9+7*
31EBD8	"Y~gX"*+*4*
31EBD9	"pk["**3+3*
31EBDA	"smW"**3*7+
31EBDB	"smW"**3*8+
31EBDC	"pk["**4+3*
31EBDD	"mWE"**2+5*
31EBDE	"pk'"**2+7*
31EBDF	"pk["**5+3*
31EBE0	"|aD"**8+4*
31EBE1	"g63$!"***\-
31EBE2	"pk["**6+3*
31EBE3	"e63$!"***\-
31EBE4	"|aD"**9+4*
31EBE5	"pk["**7+3*
31EBE6	"b63$!"***\-
31EBE7	"mWE"**4+5*
31EBE8	"pk["**8+3*
31EBE9	"_63$!"***\-
31EBEA	"^63$!"***\-
31EBEB	"pk["**9+3*
31EBEC	"kbN"**7+4*
31EBED	"[63$!"***\-
31EBEE	"uu~q"+**9-
31EBEF	"uu~q"+**8-
31EBF0	"uu~q"+**7-
31EBF1	"uu~q"+**6-
31EBF2	"uu~q"+**5-
31EBF3	"uu~q"+**4-
31EBF4	"v~x~h"+*+*
31EBF5	"uu~q"+**2-
31EBF6	"uu~q"+**1-
31EBF7	"uu~q"+**
31EBF8	"uu~q"+**1+
31EBF9	"uu~q"+**2+
31EBFA	"z~{~["+*+*
31EBFB	"uu~q"+**4+
31EBFC	"uu~q"+**5+
31EBFD	"uu~q"+**6+
31EBFE	"uu~q"+**7+
31EBFF	"uu~q"+**8+
31EC00	"x`G"**4*
31EC01	"pk'"**7+7*
31EC02	"~@&"*+:*2/
31EC03	"G-  "***3+
31EC04	"x`G"**1+4*
31EC05	"``G"**1+5*
31EC06	"kh1"**9+6*
31EC07	"G-  "***7+
31EC08	"x`G"**2+4*
31EC09	"PG@"**1+9*
31EC0A	"``G"**2+5*
31EC0B	"=63$!"***\-
31EC0C	"x`G"**3+4*
31EC0D	";63$!"***\-
31EC0E	":63$!"***\-
31EC0F	"``G"**3+5*
31EC10	"x`G"**4+4*
31EC11	"763$!"***\-
31EC12	"xG@"**3+6*
31EC13	"563$!"***\-
31EC14	"x`G"**5+4*
31EC15	"363$!"***\-
31EC16	"mC@"**6-7*
31EC17	"163$!"***\-
31EC18	"x`G"**6+4*
31EC19	"``G"**5+5*
31EC1A	".63$!"***\-
31EC1B	"PG@"**3+9*
31EC1C	"x`G"**7+4*
31EC1D	"mC@"**5-7*
31EC1E	"``G"**6+5*
31EC1F	")63$!"***\-
31EC20	"x`G"**8+4*
31EC21	"'63$!"***\-
31EC22	"&63$!"***\-
31EC23	"``G"**7+5*
31EC24	"x`G"**9+4*
31EC25	"#63$!"***\-
31EC26	"R<)&#"***\-
31EC27	"!63$!"***\-
31EC28	"pmC"**6-4*
31EC29	"O<)&#"***\-
31EC2A	"xG@"**7+6*
31EC2B	"mC@"**3-7*
31EC2C	"pmC"**5-4*
31EC2D	"oKc "+**3*
31EC2E	"J<)&#"***\-
31EC2F	"I<)&#"***\-
31EC30	"lfc"**8-3*
31EC31	"G<)&#"***\-
31EC32	"mC@"**2-7*
31EC33	"lfc"**7-3*
31EC34	"pmC"**3-4*
31EC35	"C<)&#"***\-
31EC36	"lfc"**6-3*
31EC37	"pmC"**4*9-
31EC38	"pmC"**2-4*
31EC39	"lfc"**5-3*
31EC3A	"pmC"**4*6-
31EC3B	"pmC"**4*5-
31EC3C	"lfc"**4-3*
31EC3D	"pmC"**4*3-
31EC3E	"pmC"**4*2-
31EC3F	"9995"***3/
31EC40	"pmC"**4*
31EC41	"63$!"***7-
31EC42	"lfc"**2-3*
31EC43	"63$!"***5-
31EC44	"pmC"**1+4*
31EC45	"lfc"**1-3*
31EC46	"s~k4"*+*5*
31EC47	"mC@"**1+7*
31EC48	"lfc"**3*
31EC49	"63$!"***1+
31EC4A	"63$!"***2+
31EC4B	"lfc"**1+3*
31EC4C	"pmC"**3+4*
31EC4D	"63$!"***5+
31EC4E	"lfc"**2+3*
31EC4F	"63$!"***7+
31EC50	"pmC"**4+4*
31EC51	"lfc"**3+3*
31EC52	"&<)&#"***\-
31EC53	"%<)&#"***\-
31EC54	"lfc"**4+3*
31EC55	"{_8"**7-5*
31EC56	"VG-  "***+
31EC57	"lfc"**5+3*
31EC58	"pmC"**6+4*
31EC59	"YG-  "***+
31EC5A	"lfc"**6+3*
31EC5B	"[G-  "***+
31EC5C	"pmC"**7+4*
31EC5D	"lfc"**7+3*
31EC5E	"^G-  "***+
31EC5F	"{_8"**5-5*
31EC60	"lfc"**8+3*
31EC61	"wv~k"+**9-
31EC62	"wv~k"+**8-
31EC63	"wv~k"+**7-
31EC64	"wv~k"+**6-
31EC65	"wv~k"+**5-
31EC66	"wv~k"+**4-
31EC67	"wv~k"+**3-
31EC68	"wv~k"+**2-
31EC69	"wv~k"+**1-
31EC6A	"wv~k"+**
31EC6B	"wv~k"+**1+
31EC6C	"wv~k"+**2+
31EC6D	"wv~k"+**3+
31EC6E	"wv~k"+**4+
31EC6F	"wv~k"+**5+
31EC70	"wv~k"+**6+
31EC71	"wv~k"+**7+
31EC72	"wv~k"+**8+
31EC73	"wv~k"+**9+
31EC74	"zj~_ "++**
31EC75	"~uu~q"+**+
31EC76	"<)&#"***2-
31EC77	"<)&#"***1-
31EC78	"{_F"**4*
31EC79	"<)&#"***1+
31EC7A	"<)&#"***2+
31EC7B	"<)&#"***3+
31EC7C	"{_F"**1+4*
31EC7D	"{_8"**1+5*
31EC7E	"lc3"**9+6*
31EC7F	"mC@"**9+7*
31EC80	"{_F"**2+4*
31EC81	"<)&#"***9+
31EC82	"{_8"**2+5*
31EC83	"^3/'#"***\-
31EC84	"~{m="**+4*
31EC85	"\3/'#"***\-
31EC86	"{d&"**2+7*
31EC87	"{_8"**3+5*
31EC88	"{_F"**4+4*
31EC89	"X3/'#"***\-
31EC8A	"ZSI"**7-6*
31EC8B	"V3/'#"***\-
31EC8C	"{_F"**5+4*
31EC8D	"{d&"**3+7*
31EC8E	"S3/'#"***\-
31EC8F	"R3/'#"***\-
31EC90	"{_F"**6+4*
31EC91	"{_8"**5+5*
31EC92	"O3/'#"***\-
31EC93	"N3/'#"***\-
31EC94	"{_F"**7+4*
31EC95	"L3/'#"***\-
31EC96	"~xt/"**+5*
31EC97	"yhA"**4*9-
31EC98	"{_F"**8+4*
31EC99	"]~a'"*+*9*
31EC9A	"yhA"**4*6-
31EC9B	"{_8"**7+5*
31EC9C	"{_F"**9+4*
31EC9D	"yhA"**4*3-
31EC9E	"yhA"**4*2-
31EC9F	"yhA"**4*1-
31ECA0	"yhA"**4*
31ECA1	"yhA"**4*1+
31ECA2	"E~eM"*+*6*
31ECA3	"yhA"**4*3+
31ECA4	"yhA"**1+4*
31ECA5	"{_8"**9+5*
31ECA6	"yhA"**4*6+
31ECA7	"yhA"**4*7+
31ECA8	"yhA"**2+4*
31ECA9	"{d&"**7+7*
31ECAA	"yh4"**2+5*
31ECAB	"SI<"**1-9*
31ECAC	"yhA"**3+4*
31ECAD	"lSI"**5*7-
31ECAE	"ZSI"**1-6*
31ECAF	"yh4"**3+5*
31ECB0	"yhA"**4+4*
31ECB1	"lSI"**5*3-
31ECB2	"lSI"**5*2-
31ECB3	"lSI"**5*1-
31ECB4	"lSI"**5*
31ECB5	"lSI"**5*1+
31ECB6	"lSI"**5*2+
31ECB7	"{d&"**9+7*
31ECB8	"|O~~R"++**
31ECB9	"yh4"**5+5*
31ECBA	"ZSI"**1+6*
31ECBB	"lSI"**5*7+
31ECBC	"yhA"**7+4*
31ECBD	"SI<"**1+9*
31ECBE	"yh4"**6+5*
31ECBF	"G<)&#"***+
31ECC0	"yhA"**8+4*
31ECC1	" 3/'#"***\-
31ECC2	"J<)&#"***+
31ECC3	"}K~~a"++**
31ECC4	"yhA"**9+4*
31ECC5	"uU/"**4-7*
31ECC6	"ZSI"**3+6*
31ECC7	"O<)&#"***+
31ECC8	"yh4"**8+5*
31ECC9	"Q<)&#"***+
31ECCA	"R<)&#"***+
31ECCB	"S<)&#"***+
31ECCC	"M~^J"*+*6*
31ECCD	"yh4"**9+5*
31ECCE	"V<)&#"***+
31ECCF	"SI<"**3+9*
31ECD0	"yA4"**6+8*
31ECD1	"Y<)&#"***+
31ECD2	"lSI"**6+5*
31ECD3	"uU/"**2-7*
31ECD4	"\<)&#"***+
31ECD5	"]<)&#"***+
31ECD6	"^<)&#"***+
31ECD7	"e_~~Y"++**
31ECD8	"t~x~l"+*+*
31ECD9	"wu~m"+**8-
31ECDA	"wu~m"+**7-
31ECDB	"wu~m"+**6-
31ECDC	"wu~m"+**5-
31ECDD	"wu~m"+**4-
31ECDE	"wu~m"+**3-
31ECDF	"wu~m"+**2-
31ECE0	"wu~m"+**1-
31ECE1	"wu~m"+**
31ECE2	"wu~m"+**1+
31ECE3	"wu~m"+**2+
31ECE4	"wu~m"+**3+
31ECE5	"wu~m"+**4+
31ECE6	"wu~m"+**5+
31ECE7	"wu~m"+**6+
31ECE8	"wu~m"+**7+
31ECE9	"wu~m"+**8+
31ECEA	"wu~m"+**9+
31ECEB	"q~g7"*+*5*
31ECEC	"t<)&#"***+
31ECED	"u<)&#"***+
31ECEE	"v<)&#"***+
31ECEF	"uU/"**2+7*
31ECF0	"x~v~h"+*+*
31ECF1	"y<)&#"***+
31ECF2	"z<)&#"***+
31ECF3	"SI<"**7+9*
31ECF4	"|<)&#"***+
31ECF5	"wu/"**4+5*
31ECF6	"b]~~k"++**
31ECF7	"x~v~h"+*+*7+
31ECF8	"2tVR"**\-4*
31ECF9	"ajib"**\-3*
31ECFA	"wu/"**5+5*
31ECFB	"b]~~k"++**5+
31ECFC	"SI<"**8+9*
31ECFD	"uU/"**4+7*
31ECFE	"b]~~k"++**8+
31ECFF	"wu/"**6+5*
31ED00	"0tVR"**\-4*
31ED01	" 3/'#"***+
31ED02	"!3/'#"***+
31ED03	"wu/"**5+5*9+
31ED04	"wu/"**7+5*
31ED05	"SI<"**9+9*
31ED06	"%3/'#"***+
31ED07	"&3/'#"***+
31ED08	"'3/'#"***+
31ED09	"wu/"**8+5*
31ED0A	")3/'#"***+
31ED0B	"o~_+"*+*7*
31ED0C	"+3/'#"***+
31ED0D	",3/'#"***+
31ED0E	"wu/"**9+5*
31ED0F	".3/'#"***+
31ED10	"^L~g"+**2*
31ED11	"03/'#"***+
31ED12	"uU/"**7+7*
31ED13	"5~ye"*+*5*
31ED14	"fV~~y"++**
31ED15	"43/'#"***+
31ED16	"53/'#"***+
31ED17	"wA/"**6+9*
31ED18	"e[Y"**9-4*
31ED19	"y~e%"*+*7*
31ED1A	"m~{y"*+*2*
31ED1B	":3/'#"***+
31ED1C	"e[Y"**8-4*
31ED1D	"<3/'#"***+
31ED1E	"=3/'#"***+
31ED1F	">3/'#"***+
31ED20	"e[Y"**7-4*
31ED21	"@3/'#"***+
31ED22	"A3/'#"***+
31ED23	"B3/'#"***+
31ED24	"e[Y"**6-4*
31ED25	"D3/'#"***+
31ED26	"uO;"**8-6*
31ED27	"eY4"**3-7*
31ED28	"e[Y"**5-4*
31ED29	"wA/"**8+9*
31ED2A	"I3/'#"***+
31ED2B	"J3/'#"***+
31ED2C	"e[Y"**4-4*
31ED2D	"L3/'#"***+
31ED2E	"eY4"**2-7*
31ED2F	"N3/'#"***+
31ED30	"e[Y"**3-4*
31ED31	"P3/'#"***+
31ED32	"uO;"**6-6*
31ED33	"R3/'#"***+
31ED34	"e[Y"**2-4*
31ED35	"eY4"**1-7*
31ED36	"U3/'#"***+
31ED37	"V3/'#"***+
31ED38	"e[Y"**1-4*
31ED39	"X3/'#"***+
31ED3A	"Y3/'#"***+
31ED3B	"vuO"**9-3*
31ED3C	"e[Y"**4*
31ED3D	"\3/'#"***+
31ED3E	"vuO"**8-3*
31ED3F	"^3/'#"***+
31ED40	"e[Y"**1+4*
31ED41	"vuO"**7-3*
31ED42	"e[Y"**4*6+
31ED43	"eY4"**1+7*
31ED44	"a~mf"*+*3*
31ED45	"e[Y"**4*9+
31ED46	"z:+) "***\-
31ED47	"vuO"**5-3*
31ED48	"e[Y"**3+4*
31ED49	"w:+) "***\-
31ED4A	"vuO"**4-3*
31ED4B	"u:+) "***\-
31ED4C	"e[Y"**4+4*
31ED4D	"vu~o"+**9-
31ED4E	"vu~o"+**8-
31ED4F	"vu~o"+**7-
31ED50	"vu~o"+**6-
31ED51	"vu~o"+**5-
31ED52	"vu~o"+**4-
31ED53	"vu~o"+**3-
31ED54	"vu~o"+**2-
31ED55	"vu~o"+**1-
31ED56	"vu~o"+**
31ED57	"vu~o"+**1+
31ED58	"vu~o"+**2+
31ED59	"vu~o"+**3+
31ED5A	"vu~o"+**4+
31ED5B	"vu~o"+**5+
31ED5C	"rq~` "++**
31ED5D	"vu~o"+**7+
31ED5E	"vu~o"+**8+
31ED5F	"vu~o"+**9+
31ED60	"e[Y"**9+4*
31ED61	"_:+) "***\-
31ED62	"vuO"**4+3*
31ED63	"]:+) "***\-
31ED64	"\:+) "***\-
31ED65	"vuO"**5+3*
31ED66	"eY4"**6+7*
31ED67	"Y:+) "***\-
31ED68	"zZ~~."++**
31ED69	"W:+) "***\-
31ED6A	"V:+) "***\-
31ED6B	"vuO"**7+3*
31ED6C	"T:+) "***\-
31ED6D	"eY4"**7+7*
31ED6E	"{^~} "++**
31ED6F	"Q:+) "***\-
31ED70	"P:+) "***\-
31ED71	"vuO"**9+3*
31ED72	"N:+) "***\-
31ED73	"M:+) "***\-
31ED74	"~wWO"**+4*
31ED75	"K:+) "***\-
31ED76	"J:+) "***\-
31ED77	"I:+) "***\-
31ED78	"tV)"**9-8*
31ED79	"G:+) "***\-
31ED7A	"of~~%"++**
31ED7B	"eY4"**9+7*
31ED7C	"nk~x "++**
31ED7D	"C:+) "***\-
31ED7E	"B:+) "***\-
31ED7F	"A:+) "***\-
31ED80	"`~sI"*+*4*
31ED81	"?:+) "***\-
31ED82	"aO="**5-7*
31ED83	"vO'"**5+9*
31ED84	"<:+) "***\-
31ED85	";:+) "***\-
31ED86	"W~VV"*+*5*
31ED87	"9:+) "***\-
31ED88	"tV)"**7-8*
31ED89	"~ww!"**+7*
31ED8A	"6:+) "***\-
31ED8B	"5:+) "***\-
31ED8C	"uO;"**9+6*
31ED8D	"_Y+"**9*8-
31ED8E	"_Y+"**9*7-
31ED8F	"IC~a"+**3*
31ED90	"aO="**3-7*
31ED91	"_Y+"**9*4-
31ED92	"y~eX"*+*3*
31ED93	"_Y+"**9*2-
31ED94	"_Y+"**9*1-
31ED95	"_Y+"**9*
31ED96	"_Y+"**9*1+
31ED97	"aO="**2-7*
31ED98	"tV)"**5-8*
31ED99	"_Y+"**9*4+
31ED9A	"_Y+"**9*5+
31ED9B	"_Y+"**9*6+
31ED9C	"tVR"**9-4*
31ED9D	"_Y+"**9*8+
31ED9E	"aO="**1-7*
31ED9F	"vv/"**9-5*
31EDA0	"tVR"**8-4*
31EDA1	"aO="**7*4-
31EDA2	"aO="**7*3-
31EDA3	"aO="**7*2-
31EDA4	"tVR"**7-4*
31EDA5	"aO="**7*
31EDA6	"aO="**7*1+
31EDA7	"vO'"**9+9*
31EDA8	"gX~~m"++**
31EDA9	"vv/"**7-5*
31EDAA	"aO="**7*5+
31EDAB	"aO="**7*6+
31EDAC	"tVR"**5-4*
31EDAD	"aO="**7*8+
31EDAE	"vv/"**6-5*
31EDAF	"m51$#"***\-
31EDB0	"|~yl"*+*2*
31EDB1	"k51$#"***\-
31EDB2	"j51$#"***\-
31EDB3	"vv/"**5-5*
31EDB4	"tVR"**3-4*
31EDB5	"g51$#"***\-
31EDB6	"f51$#"***\-
31EDB7	":+) "***9-
31EDB8	"~|aD"**+4*
31EDB9	"_Y+"**4+9*
31EDBA	"aO="**3+7*
31EDBB	":+) "***5-
31EDBC	"tVR"**1-4*
31EDBD	"}~m~q"+*+*
31EDBE	":+) "***2-
31EDBF	":+) "***1-
31EDC0	"tVR"**4*
31EDC1	"aO="**4+7*
31EDC2	"vv/"**2-5*
31EDC3	"vv~m"+**9-
31EDC4	"vv~m"+**8-
31EDC5	"vv~m"+**7-
31EDC6	"vv~m"+**6-
31EDC7	"vv~m"+**5-
31EDC8	"vv~m"+**4-
31EDC9	"vv~m"+**3-
31EDCA	"vv~m"+**2-
31EDCB	"vv~m"+**1-
31EDCC	"vv~m"+**
31EDCD	"vv~m"+**1+
31EDCE	"vv~m"+**2+
31EDCF	"vv~m"+**3+
31EDD0	"vv~m"+**4+
31EDD1	"vv~m"+**5+
31EDD2	"vv~m"+**6+
31EDD3	"vv~m"+**7+
31EDD4	"vv~m"+**8+
31EDD5	"vv~m"+**9+
31EDD6	"vv/"**2+5*
31EDD7	"E51$#"***\-
31EDD8	"tVR"**6+4*
31EDD9	"C51$#"***\-
31EDDA	"B51$#"***\-
31EDDB	"vv/"**3+5*
31EDDC	"tVR"**7+4*
31EDDD	"W?~I"+**3*
31EDDE	">51$#"***\-
31EDDF	"=51$#"***\-
31EDE0	"tVR"**8+4*
31EDE1	";51$#"***\-
31EDE2	":51$#"***\-
31EDE3	"951$#"***\-
31EDE4	"tVR"**9+4*
31EDE5	"vv/"**5+5*
31EDE6	"ji1"**9-6*
31EDE7	"551$#"***\-
31EDE8	"m_O"**3-4*
31EDE9	"351$#"***\-
31EDEA	"vv/"**6+5*
31EDEB	"XS@"**3-7*
31EDEC	"m_O"**2-4*
31EDED	"m_O"**4*7-
31EDEE	"m_O"**4*6-
31EDEF	"vv/"**7+5*
31EDF0	"m_O"**1-4*
31EDF1	"m_O"**4*3-
31EDF2	"ji1"**7-6*
31EDF3	"m_O"**4*1-
31EDF4	"m_O"**4*
31EDF5	"m_O"**4*1+
31EDF6	"m_O"**4*2+
31EDF7	"m_O"**4*3+
31EDF8	"m_O"**1+4*
31EDF9	"vv/"**9+5*
31EDFA	"m_O"**4*6+
31EDFB	"m_O"**4*7+
31EDFC	"m_O"**2+4*
31EDFD	"m_O"**4*9+
31EDFE	"mOL"**2+5*
31EDFF	"pXS"**4*1-
31EE00	"pXS"**4*
31EE01	"jib"**9-3*
31EE02	"pXS"**4*2+
31EE03	"mOL"**3+5*
31EE04	"jib"**8-3*
31EE05	"pXS"**4*5+
31EE06	"ea~~R"++**
31EE07	"jib"**7-3*
31EE08	"m_O"**5+4*
31EE09	"pXS"**4*9+
31EE0A	"jib"**6-3*
31EE0B	"5E'& "***\-
31EE0C	"m_O"**6+4*
31EE0D	"jib"**5-3*
31EE0E	"XS@"**2+7*
31EE0F	"1E'& "***\-
31EE10	"jib"**4-3*
31EE11	"/E'& "***\-
31EE12	"sR~~_"++**
31EE13	"~j~w"+**9-
31EE14	"~j~w"+**8-
31EE15	"~j~w"+**7-
31EE16	"~j~w"+**6-
31EE17	"~j~w"+**5-
31EE18	"~j~w"+**4-
31EE19	"~j~w"+**3-
31EE1A	"~j~w"+**2-
31EE1B	"~j~w"+**1-
31EE1C	"~j~w"+**
31EE1D	"~j~w"+**1+
31EE1E	"~j~w"+**2+
31EE1F	"~j~w"+**3+
31EE20	" ~5/)"**+*
31EE21	"~j~w"+**5+
31EE22	"~j~w"+**6+
31EE23	"~j~w"+**7+
31EE24	"~j~w"+**8+
31EE25	"~j~w"+**9+
31EE26	"~j1"**2+5*
31EE27	"1C(%!"***\-
31EE28	"jib"**4+3*
31EE29	"/C(%!"***\-
31EE2A	"XS@"**6+7*
31EE2B	"jib"**5+3*
31EE2C	"u\L"**5-4*
31EE2D	"+C(%!"***\-
31EE2E	"Q~ts"*+*3*
31EE2F	")C(%!"***\-
31EE30	"u\L"**4-4*
31EE31	"jib"**7+3*
31EE32	"&C(%!"***\-
31EE33	"%C(%!"***\-
31EE34	"jib"**8+3*
31EE35	"~j1"**5+5*
31EE36	"v:+) "***+
31EE37	"jib"**9+3*
31EE38	"u\L"**2-4*
31EE39	"E'& "***7-
31EE3A	"}~dV"*+*3*
31EE3B	"E'& "***5-
31EE3C	"u\L"**1-4*
31EE3D	"rh\"**1-3*
31EE3E	"E'& "***2-
31EE3F	"~j1"**7+5*
31EE40	"rh\"**3*
31EE41	"E'& "***1+
31EE42	"E'& "***2+
31EE43	"rh\"**1+3*
31EE44	"u\L"**1+4*
31EE45	"E'& "***5+
31EE46	"w~qP"*+*3*
31EE47	"E'& "***7+
31EE48	"u\L"**2+4*
31EE49	"rh\"**3+3*
31EE4A	"~vv~m"+**+
31EE4B	"/51$#"***+
31EE4C	"rh\"**4+3*
31EE4D	"~j#"**7+7*
31EE4E	"_SS"**1-5*
31EE4F	"rh\"**5+3*
31EE50	"u\L"**4+4*
31EE51	"C(%!"***7-
31EE52	"rh\"**6+3*
31EE53	"_SS"**5*
31EE54	"u\L"**5+4*
31EE55	"rh\"**7+3*
31EE56	"C(%!"***2-
31EE57	"C(%!"***1-
31EE58	"onC"**4*
31EE59	"C(%!"***1+
31EE5A	"C(%!"***2+
31EE5B	"rh\"**9+3*
31EE5C	"u\L"**7+4*
31EE5D	"_SS"**2+5*
31EE5E	"rh."**5+6*
31EE5F	"C(%!"***7+
31EE60	"u\L"**8+4*
31EE61	"C(%!"***9+
31EE62	"_SS"**3+5*
31EE63	"#E'& "***+
31EE64	"{~zl"*+*2*
31EE65	"%E'& "***+
31EE66	"&E'& "***+
31EE67	"aA~/"+**3*
31EE68	"onC"**4+4*
31EE69	"|A:"**9-7*
31EE6A	"]I~s"+**2*
31EE6B	"+E'& "***+
31EE6C	"onC"**5+4*
31EE6D	"jb#"**9+9*
31EE6E	".E'& "***+
31EE6F	"/E'& "***+
31EE70	"onC"**6+4*
31EE71	"_SS"**6+5*
31EE72	"2E'& "***+
31EE73	"3E'& "***+
31EE74	"onC"**7+4*
31EE75	"5E'& "***+
31EE76	"gZ~~e"++**
31EE77	"|A:"**7-7*
31EE78	"onC"**8+4*
31EE79	"!C(%!"***+
31EE7A	":E'& "***+
31EE7B	"_SS"**8+5*
31EE7C	"onC"**9+4*
31EE7D	"%C(%!"***+
31EE7E	"|A:"**6-7*
31EE7F	"G~o-"*+*9*
31EE80	"P~ed"*+*4*
31EE81	")C(%!"***+
31EE82	"nJC"**7+6*
31EE83	"+C(%!"***+
31EE84	",C(%!"***+
31EE85	"si~q "++**
31EE86	".C(%!"***+
31EE87	"/C(%!"***+
31EE88	"^~VB"*+*6*
31EE89	"1C(%!"***+
31EE8A	"|[:"**6-5*
31EE8B	"3C(%!"***+
31EE8C	"|A:"**4-7*
31EE8D	"5C(%!"***+
31EE8E	"nJC"**9+6*
31EE8F	"|[:"**5-5*
31EE90	"oC7"**7+8*
31EE91	"h\&"**9+9*
31EE92	":C(%!"***+
31EE93	"|A:"**3-7*
31EE94	"|[:"**4-5*
31EE95	"=C(%!"***+
31EE96	">C(%!"***+
31EE97	"?C(%!"***+
31EE98	"~yhA"**+4*
31EE99	"|[:"**3-5*
31EE9A	"xe-"**9-6*
31EE9B	"CC(%!"***+
31EE9C	"DC(%!"***+
31EE9D	"EC(%!"***+
31EE9E	"|[:"**2-5*
31EE9F	"GC(%!"***+
31EEA0	"xe-"**8-6*
31EEA1	"|A:"**1-7*
31EEA2	"JC(%!"***+
31EEA3	"|[:"**1-5*
31EEA4	"LC(%!"***+
31EEA5	"MC(%!"***+
31EEA6	"xe-"**7-6*
31EEA7	"OC(%!"***+
31EEA8	"|[:"**5*
31EEA9	"QC(%!"***+
31EEAA	"RC(%!"***+
31EEAB	"SC(%!"***+
31EEAC	"leK"**9-4*
31EEAD	"|[:"**1+5*
31EEAE	"VC(%!"***+
31EEAF	"q1~G"+**3*
31EEB0	"leK"**8-4*
31EEB1	"YC(%!"***+
31EEB2	"|[:"**2+5*
31EEB3	"[C(%!"***+
31EEB4	"leK"**7-4*
31EEB5	"xeZ"**9-3*
31EEB6	"|A:"**2+7*
31EEB7	"|[:"**3+5*
31EEB8	"v~a^"*+*3*
31EEB9	"aC(%!"***+
31EEBA	"bC(%!"***+
31EEBB	"xeZ"**7-3*
31EEBC	"leK"**5-4*
31EEBD	"wk~c "++**
31EEBE	"xeZ"**6-3*
31EEBF	"gC(%!"***+
31EEC0	"leK"**4-4*
31EEC1	"xeZ"**5-3*
31EEC2	"jC(%!"***+
31EEC3	"kC(%!"***+
31EEC4	"xeZ"**4-3*
31EEC5	"mC(%!"***+
31EEC6	"|[:"**6+5*
31EEC7	"o]~~A"++**
31EEC8	"a~|C"*+*4*
31EEC9	"qC(%!"***+
31EECA	"xeZ"**2-3*
31EECB	"|[:"**7+5*
31EECC	"leK"**1-4*
31EECD	"xeZ"**1-3*
31EECE	"vC(%!"***+
31EECF	"wC(%!"***+
31EED0	"xeZ"**3*
31EED1	"yC(%!"***+
31EED2	"|A:"**6+7*
31EED3	"xeZ"**1+3*
31EED4	"leK"**1+4*
31EED5	"|[:"**9+5*
31EED6	"xeZ"**2+3*
31EED7	"xeZ"**3*7+
31EED8	"leK"**2+4*
31EED9	"xeZ"**3+3*
31EEDA	"xe6"**2+5*
31EEDB	"{U~~="++**4-
31EEDC	"xeZ"**4+3*
31EEDD	"{U~~="++**2-
31EEDE	"+}wn"**\-2*
31EEDF	"{U~~="++**
31EEE0	"leK"**4+4*
31EEE1	"{U~~="++**2+
31EEE2	"W~tk"*+*3*
31EEE3	"{U~~="++**4+
31EEE4	"leK"**5+4*
31EEE5	"xeZ"**7+3*
31EEE6	"'}wn"**\-2*
31EEE7	"|A:"**9+7*
31EEE8	"xeZ"**8+3*
31EEE9	"xe6"**5+5*
31EEEA	"%}wn"**\-2*
31EEEB	"xeZ"**9+3*
31EEEC	"leK"**7+4*
31EEED	"leK"**5+4*9+
31EEEE	"xe6"**6+5*
31EEEF	"|A:"**9+7*8+
31EEF0	"jD~e"+**2*
31EEF1	">wgY"**\-3*
31EEF2	"!}wn"**\-2*
31EEF3	"xe6"**7+5*
31EEF4	"leK"**9+4*
31EEF5	"}U,"**9-7*
31EEF6	"A~dD%"**+*5/
31EEF7	"<wgY"**\-3*
31EEF8	"xe6"**8+5*
31EEF9	"YS~~~A"+++**
31EEFA	"xe-"**7+6*
31EEFB	"xe6"**7+5*8+
31EEFC	"I~VI"*+*7*
31EEFD	"xe6"**9+5*
31EEFE	"jD~e"+**7+2*
31EEFF	"xe6"**8+5*7+
31EF00	"xe-"**8+6*
31EF01	"aa/%"***6-5/
31EF02	",f]E"**\-5*
31EF03	"}U,"**7-7*
31EF04	"Duo?"**\-4*
31EF05	"I~VI"*+*7*9+
31EF06	"xe-"**9+6*
31EF07	"}w,"**9-5*
31EF08	"eZ-"**7+8*
31EF09	"6wgY"**\-3*
31EF0A	"~q^,"**+7*
31EF0B	"}U,"**7-7*8+
31EF0C	"}w,"**8-5*
31EF0D	"xe-"**9+6*7+
31EF0E	"~Vw "+**5-2*
31EF0F	"QCC"**2-9*
31EF10	"}w7"**9-4*
31EF11	"b_&%"***4/
31EF12	"3wgY"**\-3*
31EF13	"~V~~2"++**5-
31EF14	"}w7"**8-4*
31EF15	"2wgY"**\-3*
31EF16	"~yh4"**+5*
31EF17	"~V~~2"++**1-
31EF18	"~V~~2"++**
31EF19	"~3!"*+:*8-
31EF1A	"~3!"*+:*7-
31EF1B	"~3!"*+:*6-
31EF1C	"~3!"*+:*5-
31EF1D	"~3!"*+:*4-
31EF1E	"~3!"*+:*3-
31EF1F	"~3!"*+:*2-
31EF20	"qP~~n"++**
31EF21	"~3!"*+:*
31EF22	"~3!"*+:*1+
31EF23	"~3!"*+:*2+
31EF24	"~3!"*+:*3+
31EF25	"~3!"*+:*4+
31EF26	"~3!"*+:*5+
31EF27	"~3!"*+:*6+
31EF28	"~3!"*+:*7+
31EF29	"~3!"*+:*8+
31EF2A	"~3!"*+:*9+
31EF2B	"}w~^"+**9-
31EF2C	"}w~^"+**8-
31EF2D	"}w~^"+**7-
31EF2E	"}w~^"+**6-
31EF2F	"}w~^"+**5-
31EF30	"}w~^"+**4-
31EF31	"}w~^"+**3-
31EF32	"}w~^"+**2-
31EF33	"}w~^"+**1-
31EF34	"}w~^"+**
31EF35	"}w~^"+**1+
31EF36	"}w~^"+**2+
31EF37	"}w~^"+**3+
31EF38	"}w~^"+**4+
31EF39	"}w~^"+**5+
31EF3A	"}w~^"+**6+
31EF3B	"}w~^"+**7+
31EF3C	"}w~^"+**8+
31EF3D	"}w~^"+**9+
31EF3E	"}wn"**5+2*
31EF3F	"$wgY"**\-3*
31EF40	"}wn"**6+2*
31EF41	"}w~^"+**4+9+
31EF42	"}wn"**7+2*
31EF43	"}w,"**3+5*
31EF44	"g^~~V"++**
31EF45	"QCC"**4+9*
31EF46	"}wn"**9+2*
31EF47	"g^~~V"++**3+
31EF48	"}w7"**5+4*
31EF49	"}U,"**3+7*
31EF4A	"e~uo"**\-2*
31EF4B	" wgY"**\-3*
31EF4C	"}w7"**6+4*
31EF4D	"}w,"**5+5*
31EF4E	"QCC"**5+9*
31EF4F	"}wn"**9+2*9+
31EF50	"z~^F"*+*4*
31EF51	"{j~}"+**9-
31EF52	"{j~}"+**8-
31EF53	"{j~}"+**7-
31EF54	"{j~}"+**6-
31EF55	"{j~}"+**5-
31EF56	"{j~}"+**4-
31EF57	"{j~}"+**3-
31EF58	"{j~}"+**2-
31EF59	"{j~}"+**1-
31EF5A	"{j~}"+**
31EF5B	"{j~}"+**1+
31EF5C	"{j~}"+**2+
31EF5D	"{j~}"+**3+
31EF5E	"{j~}"+**4+
31EF5F	"{j~}"+**5+
31EF60	"{j~}"+**6+
31EF61	"{j~}"+**7+
31EF62	"{j~}"+**8+
31EF63	"{j~}"+**9+
31EF64	"X~uo"**\-2*
31EF65	"}U,"**7+7*
31EF66	"W~uo"**\-2*
31EF67	"{j~}"+**4+9+
31EF68	"V~uo"**\-2*
31EF69	"QCC"**8+9*
31EF6A	"U~uo"**\-2*
31EF6B	"'j_A"**\-5*
31EF6C	"}U,"**8+7*
31EF6D	"O993"***7+4/
31EF6E	"S~uo"**\-2*
31EF6F	"%sf]"**\-3*
31EF70	"_~n&"*+*8*
31EF71	"W11/"***6-3/
31EF72	"QCC"**9+9*
31EF73	"W11/"***3/
31EF74	"P~uo"**\-2*
31EF75	"#sf]"**\-3*
31EF76	"O~uo"**\-2*
31EF77	"_~n&"*+*8*7+
31EF78	"N~uo"**\-2*
31EF79	"_~n&"*+*8*9+
31EF7A	"gY3"**7-7*
31EF7B	"!sf]"**\-3*
31EF7C	"L~uo"**\-2*
31EF7D	"gY3"**7-7*3+
31EF7E	"K~uo"**\-2*
31EF7F	"#j_A"**\-5*
31EF80	"J~JI"*+*8*
31EF81	"gY3"**6-7*
31EF82	"~D/  "***\-
31EF83	"}D/  "***\-
31EF84	"|D/  "***\-
31EF85	"{D/  "***\-
31EF86	"zD/  "***\-
31EF87	"yD/  "***\-
31EF88	"gY3"**5-7*
31EF89	"wD/  "***\-
31EF8A	"vD/  "***\-
31EF8B	"uD/  "***\-
31EF8C	"tD/  "***\-
31EF8D	"s>3"**9-9*
31EF8E	"I~hU"*+*5*
31EF8F	"gY3"**4-7*
31EF90	"wgY"**9-3*
31EF91	"oD/  "***\-
31EF92	"nD/  "***\-
31EF93	"wgY"**8-3*
31EF94	"lD/  "***\-
31EF95	"kD/  "***\-
31EF96	"wgY"**7-3*
31EF97	"iD/  "***\-
31EF98	"hD/  "***\-
31EF99	"wgY"**6-3*
31EF9A	"fD/  "***\-
31EF9B	"eD/  "***\-
31EF9C	"wgY"**5-3*
31EF9D	"gY3"**2-7*
31EF9E	"bD/  "***\-
31EF9F	"uS~~U"++**
31EFA0	"`D/  "***\-
31EFA1	"_D/  "***\-
31EFA2	"n/~U"+**3*
31EFA3	"wgY"**3*8-
31EFA4	"vb~} "++**
31EFA5	"wgY"**2-3*
31EFA6	"wgY"**3*5-
31EFA7	"wgY"**3*4-
31EFA8	"ml~x "++**
31EFA9	"wgY"**3*2-
31EFAA	"wgY"**3*1-
31EFAB	"wgY"**3*
31EFAC	"wgY"**3*1+
31EFAD	"wgY"**3*2+
31EFAE	"wgY"**1+3*
31EFAF	"wgY"**3*4+
31EFB0	"wgY"**3*5+
31EFB1	"wgY"**2+3*
31EFB2	"~}w~^"+**+
31EFB3	"wgY"**3*8+
31EFB4	"wgY"**3+3*
31EFB5	"KD/  "***\-
31EFB6	"f]E"**8-5*
31EFB7	"wgY"**4+3*
31EFB8	"~tVR"**+4*
31EFB9	"gY3"**2+7*
31EFBA	"~rh\"**+3*
31EFBB	"f]E"**7-5*
31EFBC	"DD/  "***\-
31EFBD	"wgY"**6+3*
31EFBE	"BD/  "***\-
31EFBF	"AD/  "***\-
31EFC0	"wgY"**7+3*
31EFC1	"?D/  "***\-
31EFC2	">D/  "***\-
31EFC3	"wgY"**8+3*
31EFC4	"jV~~k"++**
31EFC5	"f]E"**5-5*
31EFC6	"wgY"**9+3*
31EFC7	"gY3"**4+7*
31EFC8	"^D@"**7-8*
31EFC9	"sf]"**7-3*
31EFCA	"z%q "+**5*
31EFCB	"5D/  "***\-
31EFCC	"sf]"**6-3*
31EFCD	"3D/  "***\-
31EFCE	"gY3"**5+7*
31EFCF	"sf]"**5-3*
31EFD0	"^D@"**6-8*
31EFD1	"/D/  "***\-
31EFD2	"sf]"**4-3*
31EFD3	"-D/  "***\-
31EFD4	"f]E"**2-5*
31EFD5	"{1~7"+**3*
31EFD6	"sf]"**3*8-
31EFD7	"sf]"**3*7-
31EFD8	"~{j~}"+**+
31EFD9	"f]E"**1-5*
31EFDA	"sf]"**3*4-
31EFDB	"sf]"**1-3*
31EFDC	"gY3"**7+7*
31EFDD	"sf]"**3*1-
31EFDE	"sf]"**3*
31EFDF	"sf]"**3*1+
31EFE0	"^D@"**4-8*
31EFE1	"sf]"**1+3*
31EFE2	"sf]"**3*4+
31EFE3	"f]E"**1+5*
31EFE4	"sf]"**2+3*
31EFE5	"sf]"**3*7+
31EFE6	"sf]"**3*8+
31EFE7	"sf]"**3+3*
31EFE8	"f]E"**2+5*
31EFE9	"+?'%$"***\-
31EFEA	"sf]"**4+3*
31EFEB	")?'%$"***\-
31EFEC	"~m_O"**+4*
31EFED	"sf]"**5+3*
31EFEE	"]}wn"**+2*
31EFEF	"yU+%"***5/
31EFF0	"sf]"**6+3*
31EFF1	"uo$"**5-7*
31EFF2	"S~aP"*+*5*
31EFF3	"sf]"**7+3*
31EFF4	"uo?"**8-4*
31EFF5	"s1.,!"***\-
31EFF6	"sf]"**8+3*
31EFF7	"f]E"**5+5*
31EFF8	"~pXS"**+4*
31EFF9	"sf]"**9+3*
31EFFA	"D/  "***6-
31EFFB	"D/  "***5-
31EFFC	"~uJ"**8-3*
31EFFD	"D/  "***3-
31EFFE	"kR~~y"++**
31EFFF	"~uJ"**7-3*
