791000	"h@u "+**8*
791001	"?]>+ "***\-
791002	"e>~7"+**7*
791003	"=]>+ "***\-
791004	"<]>+ "***\-
791005	";]>+ "***\-
791006	":]>+ "***\-
791007	"9]>+ "***\-
791008	"|]V"**7-8*
791009	"~[5/#"***+
79100A	"||V"**9-6*
79100B	"5]>+ "***\-
79100C	"4]>+ "***\-
79100D	"s=:'"***2/
79100E	"2]>+ "***\-
79100F	"1]>+ "***\-
791010	"||V"**8-6*
791011	"/]>+ "***\-
791012	"ySO"**5*2*
791013	"-]>+ "***\-
791014	",]>+ "***\-
791015	"+]>+ "***\-
791016	"||V"**7-6*
791017	")]>+ "***\-
791018	"|]V"**5-8*
791019	"']>+ "***\-
79101A	"&]>+ "***\-
79101B	"%]>+ "***\-
79101C	"||V"**6-6*
79101D	"#]>+ "***\-
79101E	"Lr9%!"***\-
79101F	"!]>+ "***\-
791020	"|]V"**4-8*
791021	"Ir9%!"***\-
791022	"||V"**5-6*
791023	"Gr9%!"***\-
791024	"Fr9%!"***\-
791025	"Er9%!"***\-
791026	"Dr9%!"***\-
791027	"Cr9%!"***\-
791028	"||V"**4-6*
791029	"Ar9%!"***\-
79102A	"Y::5"***2/
79102B	"?r9%!"***\-
79102C	">r9%!"***\-
79102D	"=r9%!"***\-
79102E	"||V"**3-6*
79102F	";r9%!"***\-
791030	"}~z@"*+*8*
791031	"9r9%!"***\-
791032	"8r9%!"***\-
791033	"7r9%!"***\-
791034	"||V"**2-6*
791035	"5r9%!"***\-
791036	"4r9%!"***\-
791037	"]>+ "***9-
791038	"|]V"**1-8*
791039	"]>+ "***7-
79103A	"||V"**1-6*
79103B	"]>+ "***5-
79103C	"]>+ "***4-
79103D	"]>+ "***3-
79103E	"]>+ "***2-
79103F	"]>+ "***1-
791040	"||V"**6*
791041	"spX"**9-7*
791042	"]>+ "***2+
791043	"]>+ "***3+
791044	"]>+ "***4+
791045	"]>+ "***5+
791046	"||V"**1+6*
791047	"/~a/%"**+*
791048	"spX"**8-7*
791049	"]>+ "***9+
79104A	" r9%!"***\-
79104B	"5\M# "***\-
79104C	"||V"**2+6*
79104D	"3\M# "***\-
79104E	"2\M# "***\-
79104F	"spX"**7-7*
791050	"|]V"**2+8*
791051	"/\M# "***\-
791052	"||V"**3+6*
791053	"-\M# "***\-
791054	",\M# "***\-
791055	"+\M# "***\-
791056	"spX"**6-7*
791057	")\M# "***\-
791058	"||V"**4+6*
791059	"'\M# "***\-
79105A	"&\M# "***\-
79105B	"%\M# "***\-
79105C	"$\M# "***\-
79105D	"spX"**5-7*
79105E	"||V"**5+6*
79105F	"!\M# "***\-
791060	"|]V"**4+8*
791061	"r9%!"***9-
791062	"r9%!"***8-
791063	"r9%!"***7-
791064	"||V"**6+6*
791065	"r9%!"***5-
791066	"r9%!"***4-
791067	"r9%!"***3-
791068	"|]V"**5+8*
791069	"r9%!"***1-
79106A	"r9%!"***
79106B	"++~w#"*+**
79106C	"r9%!"***2+
79106D	"r9%!"***3+
79106E	"r9%!"***4+
79106F	"r9%!"***5+
791070	"||V"**8+6*
791071	"r9%!"***7+
791072	"spX"**2-7*
791073	"r9%!"***9+
791074	"/a9)#"***\-
791075	".a9)#"***\-
791076	"||V"**9+6*
791077	"\M# "***9-
791078	"|]V"**7+8*
791079	"spX"**1-7*
79107A	"\M# "***6-
79107B	"\M# "***5-
79107C	"kkM"**9-9*
79107D	"\M# "***3-
79107E	"\M# "***2-
79107F	"\M# "***1-
791080	"spX"**7*
791081	"\M# "***1+
791082	"\M# "***2+
791083	"\M# "***3+
791084	"\M# "***4+
791085	"kkM"**8-9*
791086	"\M# "***6+
791087	"spX"**1+7*
791088	"|]V"**9+8*
791089	"\M# "***9+
79108A	"RY3.&"***\-
79108B	"QY3.&"***\-
79108C	"PY3.&"***\-
79108D	"OY3.&"***\-
79108E	"spX"**2+7*
79108F	"MY3.&"***\-
791090	"spM"**2+8*
791091	"KY3.&"***\-
791092	"JY3.&"***\-
791093	"IY3.&"***\-
791094	"HY3.&"***\-
791095	"spX"**3+7*
791096	"FY3.&"***\-
791097	"kkM"**6-9*
791098	"spM"**3+8*
791099	"CY3.&"***\-
79109A	"a9)#"***9-
79109B	"a9)#"***8-
79109C	"spX"**4+7*
79109D	"a9)#"***6-
79109E	"m:~}"+**5*
79109F	"a9)#"***4-
7910A0	"spM"**4+8*
7910A1	"a9)#"***2-
7910A2	"a9)#"***1-
7910A3	"{a_"**7*
7910A4	"a9)#"***1+
7910A5	"a9)#"***2+
7910A6	"a9)#"***3+
7910A7	"a9)#"***4+
7910A8	"spM"**5+8*
7910A9	"kkM"**4-9*
7910AA	"spX"**6+7*
7910AB	"a9)#"***8+
7910AC	"a9)#"***9+
7910AD	"/Y3.&"***\-
7910AE	".Y3.&"***\-
7910AF	"-Y3.&"***\-
7910B0	"spM"**6+8*
7910B1	"spX"**7+7*
7910B2	"kkM"**3-9*
7910B3	")Y3.&"***\-
7910B4	"(Y3.&"***\-
7910B5	"'Y3.&"***\-
7910B6	"&Y3.&"***\-
7910B7	"%Y3.&"***\-
7910B8	"S~{n"*+*7*
7910B9	"#Y3.&"***\-
7910BA	":\M# "***+
7910BB	"kkM"**2-9*
7910BC	"|C~A"+**5*
7910BD	"=\M# "***+
7910BE	">\M# "***+
7910BF	"spX"**9+7*
7910C0	"spM"**8+8*
7910C1	"A\M# "***+
7910C2	"B\M# "***+
7910C3	" a9)#"***+
7910C4	"z~dG"*+*9*
7910C5	"kkc"**7*8-
7910C6	"{a_"**5+7*
7910C7	"kkc"**7*6-
7910C8	"spM"**9+8*
7910C9	"kkc"**7*4-
7910CA	"kkc"**7*3-
7910CB	"kkc"**7*2-
7910CC	"kkc"**7*1-
7910CD	"kkc"**7*
7910CE	"kkc"**7*1+
7910CF	"kkc"**7*2+
7910D0	"kkc"**7*3+
7910D1	"kkc"**7*4+
7910D2	"kkc"**7*5+
7910D3	"Y3.&"***9-
7910D4	"{a_"**7+7*
7910D5	"Y3.&"***7-
7910D6	"kkM"**1+9*
7910D7	"Y3.&"***5-
7910D8	"Y3.&"***4-
7910D9	"Y3.&"***3-
7910DA	"Y3.&"***2-
7910DB	"{a_"**8+7*
7910DC	"Y3.&"***
7910DD	"Y3.&"***1+
7910DE	"Y3.&"***2+
7910DF	"kkM"**2+9*
7910E0	"Y3.&"***4+
7910E1	"Y3.&"***5+
7910E2	"{a_"**9+7*
7910E3	"Y3.&"***7+
7910E4	"Y3.&"***8+
7910E5	"Y3.&"***9+
7910E6	"\C63+"***\-
7910E7	"[C63+"***\-
7910E8	"~zUU"**+9*
7910E9	"kkc"**4+7*
7910EA	"XC63+"***\-
7910EB	"WC63+"***\-
7910EC	"VC63+"***\-
7910ED	"UC63+"***\-
7910EE	"TC63+"***\-
7910EF	"SC63+"***\-
7910F0	"kkc"**5+7*
7910F1	"kkM"**4+9*
7910F2	"PC63+"***\-
7910F3	"OC63+"***\-
7910F4	"t}{V"**+6*
7910F5	"MC63+"***\-
7910F6	"LC63+"***\-
7910F7	"kkc"**6+7*
7910F8	"JC63+"***\-
7910F9	"IC63+"***\-
7910FA	"v]~s"+**3*
7910FB	"GC63+"***\-
7910FC	"FC63+"***\-
7910FD	"EC63+"***\-
7910FE	"kkc"**7+7*
7910FF	"CC63+"***\-
791100	"BC63+"***\-
791101	"AC63+"***\-
791102	"@C63+"***\-
791103	"kkM"**6+9*
791104	"ya~+"+**4*
791105	"kkc"**8+7*
791106	"!||V"**+6*
791107	";C63+"***\-
791108	":C63+"***\-
791109	"9C63+"***\-
79110A	"8C63+"***\-
79110B	"7C63+"***\-
79110C	"kkc"**9+7*
79110D	"5C63+"***\-
79110E	"4C63+"***\-
79110F	"3C63+"***\-
791110	"2C63+"***\-
791111	"1C63+"***\-
791112	"0C63+"***\-
791113	"/C63+"***\-
791114	".C63+"***\-
791115	"kkM"**8+9*
791116	"dwvq"**+5*
791117	"+C63+"***\-
791118	"*C63+"***\-
791119	")C63+"***\-
79111A	"(C63+"***\-
79111B	"'C63+"***\-
79111C	"&C63+"***\-
79111D	"%C63+"***\-
79111E	"{~}U"*+*6*
79111F	"#C63+"***\-
791120	"Pv))("***\-
791121	"!C63+"***\-
791122	" C63+"***\-
791123	"Mv))("***\-
791124	"Lv))("***\-
791125	"gwvq"**+5*
791126	"Jv))("***\-
791127	"Iv))("***\-
791128	"Hv))("***\-
791129	"Gv))("***\-
79112A	"}Gu "+**6*
79112B	"Ev))("***\-
79112C	"Dv))("***\-
79112D	"Cv))("***\-
79112E	"Bv))("***\-
79112F	"iwvq"**+5*
791130	"@v))("***\-
791131	"?v))("***\-
791132	">v))("***\-
791133	"=v))("***\-
791134	"jwvq"**+5*
791135	";v))("***\-
791136	":v))("***\-
791137	"9v))("***\-
791138	"k>4."***2/
791139	"C63+"***9-
79113A	"C63+"***8-
79113B	"C63+"***7-
79113C	"C63+"***6-
79113D	"C63+"***5-
79113E	"C63+"***4-
79113F	"C63+"***3-
791140	"C63+"***2-
791141	"C63+"***1-
791142	"C63+"***
791143	"C63+"***1+
791144	"b~nh"*+*7*
791145	"C63+"***3+
791146	"C63+"***4+
791147	"C63+"***5+
791148	"C63+"***6+
791149	"C63+"***7+
79114A	"C63+"***8+
79114B	"C63+"***9+
79114C	"$v))("***\-
79114D	"owvq"**+5*
79114E	"rWK& "***\-
79114F	"!v))("***\-
791150	" v))("***\-
791151	"oWK& "***\-
791152	"pwvq"**+5*
791153	"mWK& "***\-
791154	"lWK& "***\-
791155	"kWK& "***\-
791156	"jWK& "***\-
791157	"q]w "+**5*
791158	"hWK& "***\-
791159	"gWK& "***\-
79115A	"fWK& "***\-
79115B	"eWK& "***\-
79115C	"rwvq"**+5*
79115D	"cWK& "***\-
79115E	"bWK& "***\-
79115F	"aWK& "***\-
791160	"`WK& "***\-
791161	"swvq"**+5*
791162	"^WK& "***\-
791163	"]WK& "***\-
791164	"\WK& "***\-
791165	"[WK& "***\-
791166	"s~tA"*+*9*
791167	"v))("***9-
791168	"v))("***8-
791169	"v))("***7-
79116A	"v))("***6-
79116B	"v))("***5-
79116C	"v))("***4-
79116D	"v))("***3-
79116E	"v))("***2-
79116F	"tdL"**9-9*
791170	"v))("***
791171	"v))("***1+
791172	"v))("***2+
791173	"v))("***3+
791174	"v))("***4+
791175	"wi_ "+**5*
791176	"v))("***6+
791177	"v))("***7+
791178	"x_W"**9-8*
791179	"v))("***9+
79117A	"xwvq"**+5*
79117B	"EWK& "***\-
79117C	"DWK& "***\-
79117D	"CWK& "***\-
79117E	"BWK& "***\-
79117F	"ywvq"**+5*
791180	"x_W"**8-8*
791181	"tdL"**7-9*
791182	">WK& "***\-
791183	"=WK& "***\-
791184	"zwvq"**+5*
791185	";WK& "***\-
791186	":WK& "***\-
791187	"9WK& "***\-
791188	"x_W"**7-8*
791189	"{wvq"**+5*
79118A	"xt_"**9-6*
79118B	"5WK& "***\-
79118C	"4WK& "***\-
79118D	"3WK& "***\-
79118E	"|wvq"**+5*
79118F	"1WK& "***\-
791190	"xt_"**8-6*
791191	"/WK& "***\-
791192	".WK& "***\-
791193	"uci "+**5*
791194	",WK& "***\-
791195	"+WK& "***\-
791196	"xt_"**7-6*
791197	")WK& "***\-
791198	"xtr"**8-5*
791199	"'WK& "***\-
79119A	"&WK& "***\-
79119B	"%WK& "***\-
79119C	"xt_"**6-6*
79119D	"xtr"**7-5*
79119E	".v))("***+
79119F	"!WK& "***\-
7911A0	"x_W"**4-8*
7911A1	"1v))("***+
7911A2	"xtr"**6-5*
7911A3	"3v))("***+
7911A4	"4v))("***+
7911A5	"tdL"**3-9*
7911A6	"6v))("***+
7911A7	"xtr"**5-5*
7911A8	"xt_"**4-6*
7911A9	"9v))("***+
7911AA	":v))("***+
7911AB	";v))("***+
7911AC	"xtr"**4-5*
7911AD	"=v))("***+
7911AE	"xt_"**3-6*
7911AF	"?v))("***+
7911B0	"x_W"**2-8*
7911B1	"xtr"**3-5*
7911B2	"Bv))("***+
7911B3	"Cv))("***+
7911B4	"xt_"**2-6*
7911B5	"Ev))("***+
7911B6	"xtr"**2-5*
7911B7	"tdL"**1-9*
7911B8	"zG~g"+**4*
7911B9	"WK& "***7-
7911BA	"xt_"**1-6*
7911BB	"xtr"**1-5*
7911BC	"WK& "***4-
7911BD	"WK& "***3-
7911BE	"WK& "***2-
7911BF	"WK& "***1-
7911C0	"xtr"**5*
7911C1	"WK& "***1+
7911C2	"WK& "***2+
7911C3	"WK& "***3+
7911C4	"WK& "***4+
7911C5	"xtr"**1+5*
7911C6	"xt_"**1+6*
7911C7	"WK& "***7+
7911C8	"qCc "+**8*
7911C9	"~siI"**+9*
7911CA	"xtr"**2+5*
7911CB	"[v))("***+
7911CC	"xt_"**2+6*
7911CD	"]v))("***+
7911CE	"^v))("***+
7911CF	"xtr"**3+5*
7911D0	"x_W"**2+8*
7911D1	"av))("***+
7911D2	"xt_"**3+6*
7911D3	"cv))("***+
7911D4	"xtr"**4+5*
7911D5	"ev))("***+
7911D6	"fv))("***+
7911D7	"gv))("***+
7911D8	"xt_"**4+6*
7911D9	"s~yq"*+*5*
7911DA	"jv))("***+
7911DB	"tdL"**3+9*
7911DC	"lv))("***+
7911DD	"mv))("***+
7911DE	"xtr"**6+5*
7911DF	"ov))("***+
7911E0	"x_W"**4+8*
7911E1	"!WK& "***+
7911E2	"rv))("***+
7911E3	"xtr"**7+5*
7911E4	"xt_"**6+6*
7911E5	"%WK& "***+
7911E6	"&WK& "***+
7911E7	"'WK& "***+
7911E8	"xtr"**8+5*
7911E9	")WK& "***+
7911EA	"xt_"**7+6*
7911EB	"+WK& "***+
7911EC	"wO~U"+**4*
7911ED	"xtr"**9+5*
7911EE	".WK& "***+
7911EF	"/WK& "***+
7911F0	"xt_"**8+6*
7911F1	"~=77+"***\-
7911F2	"}=77+"***\-
7911F3	"|=77+"***\-
7911F4	"{=77+"***\-
7911F5	"z=77+"***\-
7911F6	"xt_"**9+6*
7911F7	"x=77+"***\-
7911F8	"x_W"**7+8*
7911F9	"v=77+"***\-
7911FA	"u=77+"***\-
7911FB	"t=77+"***\-
7911FC	"s=77+"***\-
7911FD	"r=77+"***\-
7911FE	"q=77+"***\-
7911FF	"tdL"**7+9*
791200	"x_W"**8+8*
791201	"n=77+"***\-
791202	"m=77+"***\-
791203	"l=77+"***\-
791204	"k=77+"***\-
791205	"j=77+"***\-
791206	"i=77+"***\-
791207	"h=77+"***\-
791208	"~[~/"+**4*
791209	"f=77+"***\-
79120A	"e=77+"***\-
79120B	"d=77+"***\-
79120C	"c=77+"***\-
79120D	"b=77+"***\-
79120E	"a=77+"***\-
79120F	"`=77+"***\-
791210	"~tgS"**+8*
791211	"tdL"**9+9*
791212	"]=77+"***\-
791213	"\=77+"***\-
791214	"[=77+"***\-
791215	"Z=77+"***\-
791216	"Y=77+"***\-
791217	"X=77+"***\-
791218	"W=77+"***\-
791219	"V=77+"***\-
79121A	"U=77+"***\-
79121B	"T=77+"***\-
79121C	"S=77+"***\-
79121D	"R=77+"***\-
79121E	"Q=77+"***\-
79121F	"P=77+"***\-
791220	"O=77+"***\-
791221	"N=77+"***\-
791222	"M=77+"***\-
791223	"L=77+"***\-
791224	"K=77+"***\-
791225	"J=77+"***\-
791226	"I=77+"***\-
791227	"H=77+"***\-
791228	"G=77+"***\-
791229	"F=77+"***\-
79122A	"E=77+"***\-
79122B	"D=77+"***\-
79122C	"C=77+"***\-
79122D	"B=77+"***\-
79122E	"A=77+"***\-
79122F	"@=77+"***\-
791230	"?=77+"***\-
791231	">=77+"***\-
791232	"z9~%"+**7*
791233	"<=77+"***\-
791234	";=77+"***\-
791235	":=77+"***\-
791236	"9=77+"***\-
791237	"8=77+"***\-
791238	"7=77+"***\-
791239	"6=77+"***\-
79123A	"5=77+"***\-
79123B	"4=77+"***\-
79123C	"3=77+"***\-
79123D	"2=77+"***\-
79123E	"1=77+"***\-
79123F	"0=77+"***\-
791240	"pY~I"+**4*
791241	".=77+"***\-
791242	"-=77+"***\-
791243	",=77+"***\-
791244	"+=77+"***\-
791245	"*=77+"***\-
791246	")=77+"***\-
791247	"(=77+"***\-
791248	"'=77+"***\-
791249	"&=77+"***\-
79124A	"%=77+"***\-
79124B	"$=77+"***\-
79124C	"#=77+"***\-
79124D	"+=77+"***\-9+
79124E	"!=77+"***\-
79124F	" =77+"***\-
791250	"H{p`"**\-6*
791251	"[xss"**\-5*
791252	"q^S"**9-9*7-
791253	"q^S"**9-9*6-
791254	"pY~I"+**5+4*
791255	"={``"**\-7*
791256	"Zxss"**\-5*
791257	"q^S"**9-9*2-
791258	"5~{@"**\-8*
791259	"q^S"**9-9*
79125A	"q^S"**9-9*1+
79125B	"Yxss"**\-5*
79125C	"v~xO"*+*7*
79125D	"q^S"**9-9*4+
79125E	"q^S"**9-9*5+
79125F	"q^S"**9-9*6+
791260	"Xxss"**\-5*
791261	"q^S"**9-9*8+
791262	"q^S"**8-9*
791263	";{``"**\-7*
791264	"pY~I"+**9+4*
791265	"Wxss"**\-5*
791266	"=77+"***9-
791267	"=77+"***8-
791268	"=77+"***7-
791269	"=77+"***6-
79126A	"=77+"***5-
79126B	"q^S"**7-9*
79126C	"=77+"***3-
79126D	"=77+"***2-
79126E	"=77+"***1-
79126F	"=77+"***
791270	"=77+"***1+
791271	"=77+"***2+
791272	"=77+"***3+
791273	"=77+"***4+
791274	"U~m^"*+*9*
791275	"=77+"***6+
791276	"=77+"***7+
791277	"=77+"***8+
791278	"=77+"***9+
791279	"Sxss"**\-5*
79127A	"A{p`"**\-6*
79127B	"=77+"***3+9+
79127C	"=77+"***4+9+
79127D	"q^S"**5-9*
79127E	"Rxss"**\-5*
79127F	"7{``"**\-7*
791280	"@{p`"**\-6*
791281	"=77+"***9+9+
791282	"q^S"**5-9*5+
791283	"Qxss"**\-5*
791284	"q^S"**5-9*7+
791285	"q^S"**5-9*8+
791286	"q^S"**4-9*
791287	"}~.%%"***\-
791288	"|~.%%"***\-
791289	"{~.%%"***\-
79128A	"z~.%%"***\-
79128B	"y~.%%"***\-
79128C	"x~.%%"***\-
79128D	"gG>#"***2/
79128E	"v~.%%"***\-
79128F	"q^S"**3-9*
791290	"t~.%%"***\-
791291	"s~.%%"***\-
791292	"r~.%%"***\-
791293	"q~.%%"***\-
791294	"~vqU"**+7*
791295	"o~.%%"***\-
791296	"n~.%%"***\-
791297	"m~.%%"***\-
791298	"q^S"**2-9*
791299	"k~.%%"***\-
79129A	"j~.%%"***\-
79129B	"i~.%%"***\-
79129C	"h~.%%"***\-
79129D	"g~.%%"***\-
79129E	"f~.%%"***\-
79129F	"e~.%%"***\-
7912A0	"d~.%%"***\-
7912A1	"q^S"**1-9*
7912A2	"q^S"**9*8-
7912A3	"q^S"**9*7-
7912A4	"q^S"**9*6-
7912A5	"q^S"**9*5-
7912A6	"q^S"**9*4-
7912A7	"q^S"**9*3-
7912A8	"q^S"**9*2-
7912A9	"q^S"**9*1-
7912AA	"q^S"**9*
7912AB	"q^S"**9*1+
7912AC	"q^S"**9*2+
7912AD	"q^S"**9*3+
7912AE	"q^S"**9*4+
7912AF	"q^S"**9*5+
7912B0	"q^S"**9*6+
7912B1	"q^S"**9*7+
7912B2	"q^S"**9*8+
7912B3	"q^S"**1+9*
7912B4	"P~.%%"***\-
7912B5	"O~.%%"***\-
7912B6	"N~.%%"***\-
7912B7	"M~.%%"***\-
7912B8	"L~.%%"***\-
7912B9	"K~.%%"***\-
7912BA	"J~.%%"***\-
7912BB	"I~.%%"***\-
7912BC	"q^S"**2+9*
7912BD	"G~.%%"***\-
7912BE	"F~.%%"***\-
7912BF	"sm~U"+**3*
7912C0	"D~.%%"***\-
7912C1	"C~.%%"***\-
7912C2	"B~.%%"***\-
7912C3	"A~.%%"***\-
7912C4	"@~.%%"***\-
7912C5	"eW+"**7*3*
7912C6	">~.%%"***\-
7912C7	"=~.%%"***\-
7912C8	"<~.%%"***\-
7912C9	";~.%%"***\-
7912CA	":~.%%"***\-
7912CB	"9~.%%"***\-
7912CC	"oo\"**8-7*
7912CD	"7~.%%"***\-
7912CE	"q^S"**4+9*
7912CF	"5~.%%"***\-
7912D0	"4~.%%"***\-
7912D1	"3~.%%"***\-
7912D2	"2~.%%"***\-
7912D3	"oo\"**7-7*
7912D4	"0~.%%"***\-
7912D5	"/~.%%"***\-
7912D6	".~.%%"***\-
7912D7	"q^S"**5+9*
7912D8	",~.%%"***\-
7912D9	"+~.%%"***\-
7912DA	"oo\"**6-7*
7912DB	")~.%%"***\-
7912DC	"(~.%%"***\-
7912DD	"_!~A%"*+**
7912DE	"&~.%%"***\-
7912DF	"%~.%%"***\-
7912E0	"q^S"**6+9*
7912E1	"oo\"**5-7*
7912E2	"FO>-$"***\-
7912E3	"!~.%%"***\-
7912E4	" ~.%%"***\-
7912E5	"CO>-$"***\-
7912E6	"BO>-$"***\-
7912E7	"AO>-$"***\-
7912E8	"oo\"**4-7*
7912E9	"a=u "+**9*
7912EA	">O>-$"***\-
7912EB	"=O>-$"***\-
7912EC	"<O>-$"***\-
7912ED	";O>-$"***\-
7912EE	":O>-$"***\-
7912EF	"oo\"**3-7*
7912F0	"8O>-$"***\-
7912F1	"7O>-$"***\-
7912F2	"uY_ "+**6*
7912F3	"5O>-$"***\-
7912F4	"4O>-$"***\-
7912F5	"3O>-$"***\-
7912F6	"oo\"**2-7*
7912F7	"1O>-$"***\-
7912F8	"0O>-$"***\-
7912F9	"/O>-$"***\-
7912FA	".O>-$"***\-
7912FB	"q^S"**9+9*
7912FC	"~.%%"***8-
7912FD	"oo\"**1-7*
7912FE	"~.%%"***6-
7912FF	"~.%%"***5-
791300	"P~vh"*+*8*
791301	"~.%%"***3-
791302	"~.%%"***2-
791303	"~.%%"***1-
791304	"oo\"**7*
791305	"~.%%"***1+
791306	"~.%%"***2+
791307	"~.%%"***3+
791308	"~.%%"***4+
791309	"~.%%"***5+
79130A	"~.%%"***6+
79130B	"oo\"**1+7*
79130C	"~.%%"***8+
79130D	"|ZO"**3-9*
79130E	"2DD4!"***\-
79130F	"1DD4!"***\-
791310	"0DD4!"***\-
791311	"/DD4!"***\-
791312	"oo\"**2+7*
791313	"-DD4!"***\-
791314	",DD4!"***\-
791315	"+DD4!"***\-
791316	"|ZO"**2-9*
791317	")DD4!"***\-
791318	"(DD4!"***\-
791319	"oo\"**3+7*
79131A	"&DD4!"***\-
79131B	"qG.+"***2/
79131C	"$DD4!"***\-
79131D	"#DD4!"***\-
79131E	"2xss"**\-5*
79131F	"|ZO"**1-9*
791320	"oo\"**4+7*
791321	"O>-$"***7-
791322	"O>-$"***6-
791323	"O>-$"***5-
791324	"O>-$"***4-
791325	"O>-$"***3-
791326	"O>-$"***2-
791327	"oo\"**5+7*
791328	"|ZO"**9*
791329	"O>-$"***1+
79132A	"O>-$"***2+
79132B	"O>-$"***3+
79132C	"O>-$"***4+
79132D	"O>-$"***5+
79132E	"oo\"**6+7*
79132F	"O>-$"***7+
791330	"O>-$"***8+
791331	"|ZO"**1+9*
791332	".~.%%"***+
791333	"/~.%%"***+
791334	"~||V"**+6*
791335	"oo\"**7+7*
791336	"2~.%%"***+
791337	"DD4!"***9-
791338	"DD4!"***8-
791339	"DD4!"***7-
79133A	"|ZO"**2+9*
79133B	"DD4!"***5-
79133C	"_L} "+**7*
79133D	"DD4!"***3-
79133E	"DD4!"***2-
79133F	"DD4!"***1-
791340	"DD4!"***
791341	"DD4!"***1+
791342	"DD4!"***2+
791343	"oo\"**9+7*
791344	"DD4!"***4+
791345	"DD4!"***5+
791346	"DD4!"***6+
791347	"DD4!"***7+
791348	"DD4!"***8+
791349	"DD4!"***9+
79134A	"F~.%%"***+
79134B	"#O>-$"***+
79134C	"|ZO"**4+9*
79134D	"%O>-$"***+
79134E	"&O>-$"***+
79134F	"'O>-$"***+
791350	"dS~q"+**4*
791351	")O>-$"***+
791352	"*O>-$"***+
791353	"+O>-$"***+
791354	",O>-$"***+
791355	"|ZO"**5+9*
791356	".O>-$"***+
791357	"/O>-$"***+
791358	"0O>-$"***+
791359	"1O>-$"***+
79135A	"CA~ 5"*+**
79135B	"3O>-$"***+
79135C	"4O>-$"***+
79135D	"5O>-$"***+
79135E	"|ZO"**6+9*
79135F	"1~G5+"**+*
791360	" DD4!"***+
791361	"!DD4!"***+
791362	":O>-$"***+
791363	"#DD4!"***+
791364	"$DD4!"***+
791365	"%DD4!"***+
791366	"&DD4!"***+
791367	"|ZO"**7+9*
791368	"(DD4!"***+
791369	")DD4!"***+
79136A	"*DD4!"***+
79136B	"+DD4!"***+
79136C	",DD4!"***+
79136D	"-DD4!"***+
79136E	".DD4!"***+
79136F	"/DD4!"***+
791370	"H~V ("**+*
791371	"1DD4!"***+
791372	"2DD4!"***+
791373	"3DD4!"***+
791374	"4DD4!"***+
791375	"5DD4!"***+
791376	"6DD4!"***+
791377	"7DD4!"***+
791378	"8DD4!"***+
791379	"|ZO"**9+9*
79137A	":DD4!"***+
79137B	";DD4!"***+
79137C	"<DD4!"***+
79137D	"=DD4!"***+
79137E	">DD4!"***+
79137F	"?DD4!"***+
791380	"@DD4!"***+
791381	"ADD4!"***+
791382	"ni~g"+**3*
791383	"}{?  "***\-
791384	"|{?  "***\-
791385	"{{?  "***\-
791386	"z{?  "***\-
791387	"[xtr"**+5*
791388	"x{?  "***\-
791389	"w{?  "***\-
79138A	"v{?  "***\-
79138B	"u{?  "***\-
79138C	"\xtr"**+5*
79138D	"s{?  "***\-
79138E	"r{?  "***\-
79138F	"q{?  "***\-
791390	"t~j["*+*7*
791391	"]xtr"**+5*
791392	"n{?  "***\-
791393	"m{?  "***\-
791394	"l{?  "***\-
791395	"k{?  "***\-
791396	"^xtr"**+5*
791397	"i{?  "***\-
791398	"h{?  "***\-
791399	"g{?  "***\-
79139A	"f{?  "***\-
79139B	"_xtr"**+5*
79139C	"d{?  "***\-
79139D	"c{?  "***\-
79139E	"b{?  "***\-
79139F	"a{?  "***\-
7913A0	"z~tE"*+*8*
7913A1	"_{?  "***\-
7913A2	"^{?  "***\-
7913A3	"]{?  "***\-
7913A4	"\{?  "***\-
7913A5	"axtr"**+5*
7913A6	"Z{?  "***\-
7913A7	"Y{?  "***\-
7913A8	"X{?  "***\-
7913A9	"W{?  "***\-
7913AA	"bxtr"**+5*
7913AB	"U{?  "***\-
7913AC	"T{?  "***\-
7913AD	"S{?  "***\-
7913AE	"R{?  "***\-
7913AF	"5-~a!"*+**
7913B0	"P{?  "***\-
7913B1	"O{?  "***\-
7913B2	"N{?  "***\-
7913B3	"M{?  "***\-
7913B4	"dxtr"**+5*
7913B5	"K{?  "***\-
7913B6	"J{?  "***\-
7913B7	"I{?  "***\-
7913B8	"~{@"**9-8*
7913B9	"extr"**+5*
7913BA	"F{?  "***\-
7913BB	"E{?  "***\-
7913BC	"D{?  "***\-
7913BD	"C{?  "***\-
7913BE	"fxtr"**+5*
7913BF	"A{?  "***\-
7913C0	"~{@"**8-8*
7913C1	"{``"**9-7*
7913C2	">{?  "***\-
7913C3	"gxtr"**+5*
7913C4	"Vxt_"**+6*
7913C5	";{?  "***\-
7913C6	":{?  "***\-
7913C7	"9{?  "***\-
7913C8	"{``"**8-7*
7913C9	"7{?  "***\-
7913CA	"{p@"**6-9*
7913CB	"5{?  "***\-
7913CC	"4{?  "***\-
7913CD	"ixtr"**+5*
7913CE	"2{?  "***\-
7913CF	"{``"**7-7*
7913D0	"~{@"**6-8*
7913D1	"/{?  "***\-
7913D2	"jxtr"**+5*
7913D3	"E~;;!"**+*
7913D4	",{?  "***\-
7913D5	"+{?  "***\-
7913D6	"{``"**6-7*
7913D7	"kxtr"**+5*
7913D8	"~{@"**5-8*
7913D9	"'{?  "***\-
7913DA	"&{?  "***\-
7913DB	"%{?  "***\-
7913DC	"{p@"**4-9*
7913DD	"=~O/#"**+*
7913DE	":K2.."***\-
7913DF	"!{?  "***\-
7913E0	"C ~A7"*+**
7913E1	"mxtr"**+5*
7913E2	"}s\"**9-6*
7913E3	"5K2.."***\-
7913E4	"{``"**4-7*
7913E5	"{p@"**3-9*
7913E6	"nxtr"**+5*
7913E7	"1K2.."***\-
7913E8	"}s\"**8-6*
7913E9	"/K2.."***\-
7913EA	".K2.."***\-
7913EB	"{``"**3-7*
7913EC	",K2.."***\-
7913ED	"+K2.."***\-
7913EE	"}s\"**7-6*
7913EF	")K2.."***\-
7913F0	"nG_ "+**8*
7913F1	"'K2.."***\-
7913F2	"{``"**2-7*
7913F3	"%K2.."***\-
7913F4	"}s\"**6-6*
7913F5	"xss"**7-5*
7913F6	"[u/'%"***\-
7913F7	"{p@"**1-9*
7913F8	"~{@"**1-8*
7913F9	"{``"**1-7*
7913FA	"}s\"**5-6*
7913FB	"{?  "***5-
7913FC	"{?  "***4-
7913FD	"{?  "***3-
7913FE	"{?  "***2-
7913FF	"{?  "***1-
791400	"{``"**7*
791401	"{?  "***1+
791402	"{?  "***2+
791403	"{?  "***3+
791404	"{?  "***4+
791405	"{?  "***5+
791406	"}s\"**3-6*
791407	"{``"**1+7*
791408	"~{@"**1+8*
791409	"{p@"**1+9*
79140A	"Gu/'%"***\-
79140B	"Fu/'%"***\-
79140C	"}s\"**2-6*
79140D	"Du/'%"***\-
79140E	"{``"**2+7*
79140F	"K2.."***9-
791410	"~{@"**2+8*
791411	"K2.."***7-
791412	"}s\"**1-6*
791413	"K2.."***5-
791414	"K2.."***4-
791415	"{``"**3+7*
791416	"K2.."***2-
791417	"K2.."***1-
791418	"}s\"**6*
791419	"K2.."***1+
79141A	"K2.."***2+
79141B	"{p@"**3+9*
79141C	"{``"**4+7*
79141D	"K2.."***5+
79141E	"}s\"**1+6*
79141F	"K2.."***7+
791420	"~{@"**4+8*
791421	"K2.."***9+
791422	"xss"**2+5*
791423	"{``"**5+7*
791424	"}s\"**2+6*
791425	",u/'%"***\-
791426	"+u/'%"***\-
791427	"xss"**3+5*
791428	"~{@"**5+8*
791429	"(u/'%"***\-
79142A	"}s\"**3+6*
79142B	"&u/'%"***\-
79142C	"xss"**4+5*
79142D	"{p@"**5+9*
79142E	"#u/'%"***\-
79142F	"/{?  "***+
791430	"}s\"**4+6*
791431	"{``"**7+7*
791432	"2{?  "***+
791433	"3{?  "***+
791434	"4{?  "***+
791435	"5{?  "***+
791436	"}s\"**5+6*
791437	"7{?  "***+
791438	"{``"**8+7*
791439	"!K2.."***+
79143A	":{?  "***+
79143B	"#K2.."***+
79143C	"}s\"**6+6*
79143D	"%K2.."***+
79143E	"&K2.."***+
79143F	"w]~q"+**3*
791440	"~{@"**8+8*
791441	")K2.."***+
791442	"}s\"**7+6*
791443	"+K2.."***+
791444	",K2.."***+
791445	"-K2.."***+
791446	".K2.."***+
791447	"/K2.."***+
791448	"cV~k"+**4*
791449	"u/'%"***8-
79144A	"u/'%"***7-
79144B	"u/'%"***6-
79144C	"u/'%"***5-
79144D	"u/'%"***4-
79144E	"}s\"**9+6*
79144F	"u/'%"***2-
791450	"}sE"**7+8*
791451	"u/'%"***
791452	"u/'%"***1+
791453	"u/'%"***2+
791454	"i~na"*+*7*
791455	"u/'%"***4+
791456	"u/'%"***5+
791457	"u/'%"***6+
791458	"}sE"**8+8*
791459	"u/'%"***8+
79145A	"xkg"**9-6*
79145B	"CK2.."***+
79145C	"DK2.."***+
79145D	"EK2.."***+
79145E	"FK2.."***+
79145F	"GK2.."***+
791460	"xkg"**8-6*
791461	"IK2.."***+
791462	"~mA# "***\-
791463	"kgP"**5-9*
791464	"|mA# "***\-
791465	"{mA# "***\-
791466	"xkg"**7-6*
791467	"ymA# "***\-
791468	"kgZ"**5-8*
791469	"wmA# "***\-
79146A	"vmA# "***\-
79146B	"umA# "***\-
79146C	"xkg"**6-6*
79146D	"smA# "***\-
79146E	"rmA# "***\-
79146F	"qmA# "***\-
791470	"~spM"**+8*
791471	"omA# "***\-
791472	"xkg"**5-6*
791473	"mmA# "***\-
791474	"lmA# "***\-
791475	"kgP"**3-9*
791476	"jmA# "***\-
791477	"imA# "***\-
791478	"xkg"**4-6*
791479	"gmA# "***\-
79147A	"fmA# "***\-
79147B	"emA# "***\-
79147C	"dmA# "***\-
79147D	"cmA# "***\-
79147E	"xkg"**3-6*
79147F	"amA# "***\-
791480	"kgZ"**2-8*
791481	"_mA# "***\-
791482	"^mA# "***\-
791483	"]mA# "***\-
791484	"xkg"**2-6*
791485	"[mA# "***\-
791486	"ZmA# "***\-
791487	"kgP"**1-9*
791488	"kgZ"**1-8*
791489	"xkg"**6*7-
79148A	"xkg"**1-6*
79148B	"xkg"**6*5-
79148C	"xkg"**6*4-
79148D	"xkg"**6*3-
79148E	"xkg"**6*2-
79148F	"xkg"**6*1-
791490	"xkg"**6*
791491	"xkg"**6*1+
791492	"xkg"**6*2+
791493	"xkg"**6*3+
791494	"xkg"**6*4+
791495	"xkg"**6*5+
791496	"xkg"**1+6*
791497	"xkg"**6*7+
791498	"kgZ"**1+8*
791499	"kgP"**1+9*
79149A	"FmA# "***\-
79149B	"EmA# "***\-
79149C	"xkg"**2+6*
79149D	"CmA# "***\-
79149E	"BmA# "***\-
79149F	"A~;5'"**+*
7914A0	"kgZ"**2+8*
7914A1	"mhd"**9-7*
7914A2	"xkg"**3+6*
7914A3	"=mA# "***\-
7914A4	"<mA# "***\-
7914A5	";mA# "***\-
7914A6	":mA# "***\-
7914A7	"9mA# "***\-
7914A8	"xkg"**4+6*
7914A9	"7mA# "***\-
7914AA	"6mA# "***\-
7914AB	"kgP"**3+9*
7914AC	"4mA# "***\-
7914AD	"3mA# "***\-
7914AE	"xkg"**5+6*
7914AF	"mhd"**7-7*
7914B0	"kgZ"**4+8*
7914B1	"/mA# "***\-
7914B2	".mA# "***\-
7914B3	"-mA# "***\-
7914B4	"~xt_"**+6*
7914B5	"+mA# "***\-
7914B6	"w~d^"*+*7*
7914B7	")mA# "***\-
7914B8	"j_~G"+**4*
7914B9	"'mA# "***\-
7914BA	"xkg"**7+6*
7914BB	"%mA# "***\-
7914BC	"$mA# "***\-
7914BD	"mhd"**5-7*
7914BE	"PI=6!"***\-
7914BF	"!mA# "***\-
7914C0	"xkg"**8+6*
7914C1	"MI=6!"***\-
7914C2	"LI=6!"***\-
7914C3	"KI=6!"***\-
7914C4	"mhd"**4-7*
7914C5	"II=6!"***\-
7914C6	"xkg"**9+6*
7914C7	"#xss"**+5*
7914C8	"kgZ"**7+8*
7914C9	"EI=6!"***\-
7914CA	"DI=6!"***\-
7914CB	"mhd"**3-7*
7914CC	"$xss"**+5*
7914CD	"AI=6!"***\-
7914CE	"@I=6!"***\-
7914CF	"kgP"**7+9*
7914D0	"kgZ"**8+8*
7914D1	"%xss"**+5*
7914D2	"mhd"**2-7*
7914D3	";I=6!"***\-
7914D4	":I=6!"***\-
7914D5	"9I=6!"***\-
7914D6	"&xss"**+5*
7914D7	"mA# "***9-
7914D8	"f~xk"*+*6*
7914D9	"mhd"**1-7*
7914DA	"mA# "***6-
7914DB	"mA# "***5-
7914DC	"mA# "***4-
7914DD	"mA# "***3-
7914DE	"mA# "***2-
7914DF	"mA# "***1-
7914E0	"mhd"**7*
7914E1	"kgP"**9+9*
7914E2	"mA# "***2+
7914E3	"mA# "***3+
7914E4	"mA# "***4+
7914E5	"mA# "***5+
7914E6	"mA# "***6+
7914E7	"mhd"**1+7*
7914E8	"md["**1+8*
7914E9	"mA# "***9+
7914EA	"zcI"**4-9*
7914EB	"#I=6!"***\-
7914EC	"CaC%!"***\-
7914ED	"5'~O/"*+**
7914EE	"mhd"**2+7*
7914EF	"+xss"**+5*
7914F0	"md["**2+8*
7914F1	">aC%!"***\-
7914F2	"=aC%!"***\-
7914F3	"zcI"**3-9*
7914F4	",xss"**+5*
7914F5	"mhd"**3+7*
7914F6	"%}s\"**+6*
7914F7	"8aC%!"***\-
7914F8	"md["**3+8*
7914F9	"-xss"**+5*
7914FA	"5aC%!"***\-
7914FB	"4aC%!"***\-
7914FC	"mhd"**4+7*
7914FD	"2aC%!"***\-
7914FE	".xss"**+5*
7914FF	"0aC%!"***\-
791500	"md["**4+8*
791501	".aC%!"***\-
791502	"'}s\"**+6*
791503	"mhd"**5+7*
791504	"+aC%!"***\-
791505	"zcI"**1-9*
791506	"I=6!"***8-
791507	"I=6!"***7-
791508	"md["**5+8*
791509	"I=6!"***5-
79150A	"mhd"**6+7*
79150B	"I=6!"***3-
79150C	"I=6!"***2-
79150D	"I=6!"***1-
79150E	"zcI"**9*
79150F	"I=6!"***1+
791510	"md["**6+8*
791511	"mhd"**7+7*
791512	"I=6!"***4+
791513	"I=6!"***5+
791514	"I=6!"***6+
791515	"I=6!"***7+
791516	"I=6!"***8+
791517	"zcI"**1+9*
791518	"|~b\"*+*7*
791519	"7q8&!"***\-
79151A	"+}s\"**+6*
79151B	"5q8&!"***\-
79151C	"4xss"**+5*
79151D	"3q8&!"***\-
79151E	"2q8&!"***\-
79151F	"+)~}#"*+**
791520	"v~xE"*+*8*
791521	"5xss"**+5*
791522	".q8&!"***\-
791523	"-q8&!"***\-
791524	",q8&!"***\-
791525	"+q8&!"***\-
791526	"rqX"**6-7*
791527	"aC%!"***8-
791528	"md["**9+8*
791529	"zcI"**3+9*
79152A	"aC%!"***5-
79152B	"aC%!"***4-
79152C	"aC%!"***3-
79152D	"rqX"**5-7*
79152E	"aC%!"***1-
79152F	"aC%!"***
791530	"rqM"**4-8*
791531	"aC%!"***2+
791532	"zcI"**4+9*
791533	"aC%!"***4+
791534	"rqX"**4-7*
791535	"aC%!"***6+
791536	"aC%!"***7+
791537	"aC%!"***8+
791538	"rqM"**3-8*
791539	"8s3)!"***\-
79153A	":xss"**+5*
79153B	"rqX"**3-7*
79153C	"5s3)!"***\-
79153D	"4s3)!"***\-
79153E	"1}s\"**+6*
79153F	";xss"**+5*
791540	"rqM"**2-8*
791541	"0s3)!"***\-
791542	"rqX"**2-7*
791543	".s3)!"***\-
791544	"zcI"**6+9*
791545	",s3)!"***\-
791546	"+s3)!"***\-
791547	"q8&!"***9-
791548	"rqM"**1-8*
791549	"rqX"**1-7*
79154A	"q8&!"***6-
79154B	"q8&!"***5-
79154C	"q8&!"***4-
79154D	"zcI"**7+9*
79154E	"q8&!"***2-
79154F	"q8&!"***1-
791550	"rqX"**7*
791551	"q8&!"***1+
791552	"q8&!"***2+
791553	"q8&!"***3+
791554	"q8&!"***4+
791555	"q8&!"***5+
791556	"zcI"**8+9*
791557	"I5~7#"*+**
791558	"rqM"**1+8*
791559	"q8&!"***9+
79155A	"@G:/)"***\-
79155B	"?G:/)"***\-
79155C	"6}s\"**+6*
79155D	"Axss"**+5*
79155E	"rqX"**2+7*
79155F	"zcI"**9+9*
791560	"rqM"**2+8*
791561	"9G:/)"***\-
791562	"Bxss"**+5*
791563	"7G:/)"***\-
791564	"6G:/)"***\-
791565	"rqX"**3+7*
791566	"4G:/)"***\-
791567	"Cxss"**+5*
791568	"rqM"**3+8*
791569	"s3)!"***8-
79156A	"s3)!"***7-
79156B	"s3)!"***6-
79156C	"rqX"**4+7*
79156D	"s3)!"***4-
79156E	"s3)!"***3-
79156F	"s3)!"***2-
791570	"rqM"**4+8*
791571	"s3)!"***
791572	"s3)!"***1+
791573	"rqX"**5+7*
791574	"s3)!"***3+
791575	"s3)!"***4+
791576	"s3)!"***5+
791577	"s3)!"***6+
791578	"rqM"**5+8*
791579	"s3)!"***8+
79157A	"rqX"**6+7*
79157B	"Gxss"**+5*
79157C	"$OI+ "***\-
79157D	"#OI+ "***\-
79157E	"jSD&%"***\-
79157F	"ze\"**7*9-
791580	"x~nJ"*+*8*
791581	"rqX"**7+7*
791582	"ze\"**7*6-
791583	"ze\"**7*5-
791584	"ze\"**7*4-
791585	"ze\"**7*3-
791586	"ze\"**7*2-
791587	"ze\"**7*1-
791588	"ze\"**7*
791589	"ze\"**7*1+
79158A	"ze\"**7*2+
79158B	"ze\"**7*3+
79158C	"ze\"**7*4+
79158D	"ze\"**7*5+
79158E	"ze\"**7*6+
79158F	"rqX"**9+7*
791590	"a~ed"*+*8*
791591	"G:/)"***9-
791592	"G:/)"***8-
791593	"G:/)"***7-
791594	"G:/)"***6-
791595	"G:/)"***5-
791596	"ze\"**2+7*
791597	"G:/)"***3-
791598	"rqM"**9+8*
791599	"G:/)"***1-
79159A	"G:/)"***
79159B	"G:/)"***1+
79159C	"G:/)"***2+
79159D	"ze\"**3+7*
79159E	"G:/)"***4+
79159F	"G:/)"***5+
7915A0	"OI+ "***
7915A1	"G:/)"***7+
7915A2	"G:/)"***8+
7915A3	"G:/)"***9+
7915A4	"ze\"**4+7*
7915A5	"OI+ "***5+
7915A6	"OI+ "***6+
7915A7	"OI+ "***7+
7915A8	"OI+ "***8+
7915A9	"OI+ "***9+
7915AA	">SD&%"***\-
7915AB	"ze\"**5+7*
7915AC	"<SD&%"***\-
7915AD	"Qxss"**+5*
7915AE	":SD&%"***\-
7915AF	"9SD&%"***\-
7915B0	"ul} "+**4*
7915B1	"7SD&%"***\-
7915B2	"ze\"**6+7*
7915B3	"5SD&%"***\-
7915B4	"4SD&%"***\-
7915B5	"3SD&%"***\-
7915B6	"2SD&%"***\-
7915B7	"Sxss"**+5*
7915B8	"0SD&%"***\-
7915B9	"ze\"**7+7*
7915BA	".SD&%"***\-
7915BB	"-SD&%"***\-
7915BC	"Txss"**+5*
7915BD	"+SD&%"***\-
7915BE	"*SD&%"***\-
7915BF	")SD&%"***\-
7915C0	"ze\"**8+7*
7915C1	"q55"**5*5*
7915C2	"&SD&%"***\-
7915C3	"%SD&%"***\-
7915C4	"$SD&%"***\-
7915C5	"#SD&%"***\-
7915C6	"Vxss"**+5*
7915C7	"ze\"**9+7*
7915C8	" SD&%"***\-
7915C9	"/^C$#"***\-
7915CA	".^C$#"***\-
7915CB	"-+~K5"*+**
7915CC	",^C$#"***\-
7915CD	"+^C$#"***\-
7915CE	"*^C$#"***\-
7915CF	")^C$#"***\-
7915D0	"Xxss"**+5*
7915D1	"'^C$#"***\-
7915D2	"&^C$#"***\-
7915D3	"%^C$#"***\-
7915D4	"t~sA"*+*9*
7915D5	"Yxss"**+5*
7915D6	"hRO##"***\-
7915D7	"!^C$#"***\-
7915D8	" ^C$#"***\-
7915D9	"eRO##"***\-
7915DA	"Zxss"**+5*
7915DB	"cRO##"***\-
7915DC	"bRO##"***\-
7915DD	"aRO##"***\-
7915DE	"`RO##"***\-
7915DF	"SD&%"***9-
7915E0	"SD&%"***8-
7915E1	"SD&%"***7-
7915E2	"SD&%"***6-
7915E3	"SD&%"***5-
7915E4	"SD&%"***4-
7915E5	"SD&%"***3-
7915E6	"SD&%"***2-
7915E7	"SD&%"***1-
7915E8	"SD&%"***
7915E9	"SD&%"***1+
7915EA	"SD&%"***2+
7915EB	"SD&%"***3+
7915EC	"SD&%"***4+
7915ED	"SD&%"***5+
7915EE	"SD&%"***6+
7915EF	"SD&%"***7+
7915F0	"SD&%"***8+
7915F1	"SD&%"***9+
7915F2	"^C$#"***6-
7915F3	"^C$#"***5-
7915F4	"^C$#"***4-
7915F5	"^C$#"***3-
7915F6	"^C$#"***2-
7915F7	"^C$#"***1-
7915F8	"^C$#"***
7915F9	"~E'"*+:*8-
7915FA	"~E'"*+:*7-
7915FB	"~E'"*+:*6-
7915FC	"~E'"*+:*5-
7915FD	"~E'"*+:*4-
7915FE	"~E'"*+:*3-
7915FF	"~E'"*+:*2-
791600	"~E'"*+:*1-
791601	"~E'"*+:*
791602	"~E'"*+:*1+
791603	"~E'"*+:*2+
791604	"~E'"*+:*3+
791605	"~E'"*+:*4+
791606	"~E'"*+:*5+
791607	"~E'"*+:*6+
791608	"~E'"*+:*7+
791609	"~E'"*+:*8+
79160A	"~E'"*+:*9+
79160B	"3RO##"***\-
79160C	"2RO##"***\-
79160D	"1RO##"***\-
79160E	"0RO##"***\-
79160F	"/RO##"***\-
791610	"|~|U"*+*6*
791611	"-RO##"***\-
791612	",RO##"***\-
791613	"eaZ"**7-9*
791614	"*RO##"***\-
791615	")RO##"***\-
791616	"(RO##"***\-
791617	"'RO##"***\-
791618	"&RO##"***\-
791619	"%RO##"***\-
79161A	"$RO##"***\-
79161B	"#RO##"***\-
79161C	"eaZ"**6-9*
79161D	"!RO##"***\-
79161E	" RO##"***\-
79161F	"-[4+'"***\-
791620	",[4+'"***\-
791621	"+[4+'"***\-
791622	"*[4+'"***\-
791623	")[4+'"***\-
791624	"([4+'"***\-
791625	"eaZ"**5-9*
791626	"&[4+'"***\-
791627	"%[4+'"***\-
791628	"$[4+'"***\-
791629	"#[4+'"***\-
79162A	"2^C$#"***+
79162B	"![4+'"***\-
79162C	"gg~="+**4*
79162D	"5^C$#"***+
79162E	"~tdL"**+9*
79162F	"7^C$#"***+
791630	"8^C$#"***+
791631	"9^C$#"***+
791632	":^C$#"***+
791633	";^C$#"***+
791634	"<^C$#"***+
791635	"RO##"***9-
791636	"RO##"***8-
791637	"y~uO"*+*7*
791638	"RO##"***6-
791639	"RO##"***5-
79163A	"RO##"***4-
79163B	"RO##"***3-
79163C	"RO##"***2-
79163D	"RO##"***1-
79163E	"RO##"***
79163F	"RO##"***1+
791640	"\~o`"*+*8*
791641	"RO##"***3+
791642	"RO##"***4+
791643	"RO##"***5+
791644	"RO##"***6+
791645	"RO##"***7+
791646	"RO##"***8+
791647	"RO##"***9+
791648	"[4+'"***4-
791649	"eaZ"**1-9*
79164A	"[4+'"***2-
79164B	"[4+'"***1-
79164C	"[4+'"***
79164D	"[4+'"***1+
79164E	"[4+'"***2+
79164F	"[4+'"***3+
791650	"[4+'"***4+
791651	"[4+'"***5+
791652	"eaZ"**9*
791653	"[4+'"***7+
791654	"[4+'"***8+
791655	"[4+'"***9+
791656	"eaZ"**9*4+
791657	"s%~/%"*+**
791658	"eaZ"**9*6+
791659	"eaZ"**9*7+
79165A	"&~YC#"**+*
79165B	"eaZ"**1+9*
79165C	"n]5.#"***\-
79165D	"m]5.#"***\-
79165E	"l]5.#"***\-
79165F	"k]5.#"***\-
791660	"j]5.#"***\-
791661	"i]5.#"***\-
791662	"h]5.#"***\-
791663	"g]5.#"***\-
791664	"eaZ"**2+9*
791665	"e]5.#"***\-
791666	"d]5.#"***\-
791667	"c]5.#"***\-
791668	"b]5.#"***\-
791669	"a]5.#"***\-
79166A	"`]5.#"***\-
79166B	"_]5.#"***\-
79166C	"^]5.#"***\-
79166D	"eaZ"**3+9*
79166E	"\]5.#"***\-
79166F	"[]5.#"***\-
791670	"Z]5.#"***\-
791671	"Y]5.#"***\-
791672	"X]5.#"***\-
791673	"W]5.#"***\-
791674	"V]5.#"***\-
791675	"U]5.#"***\-
791676	"~oo\"**+7*
791677	"S]5.#"***\-
791678	"R]5.#"***\-
791679	"Q]5.#"***\-
79167A	"P]5.#"***\-
79167B	"O]5.#"***\-
79167C	"N]5.#"***\-
79167D	"M]5.#"***\-
79167E	"L]5.#"***\-
79167F	"eaZ"**5+9*
791680	"hL~}"+**4*
791681	"I]5.#"***\-
791682	"H]5.#"***\-
791683	"G]5.#"***\-
791684	"F]5.#"***\-
791685	"E]5.#"***\-
791686	"D]5.#"***\-
791687	"C]5.#"***\-
791688	"eaZ"**6+9*
791689	"A]5.#"***\-
79168A	"@]5.#"***\-
79168B	"sj]"**9-7*
79168C	">]5.#"***\-
79168D	"=]5.#"***\-
79168E	"<]5.#"***\-
79168F	";]5.#"***\-
791690	":]5.#"***\-
791691	"eaZ"**7+9*
791692	"sj]"**8-7*
791693	"7]5.#"***\-
791694	"6]5.#"***\-
791695	"5]5.#"***\-
791696	"4]5.#"***\-
791697	"3]5.#"***\-
791698	"2]5.#"***\-
791699	"sj]"**7-7*
79169A	"eaZ"**8+9*
79169B	"/]5.#"***\-
79169C	".]5.#"***\-
79169D	"-]5.#"***\-
79169E	",]5.#"***\-
79169F	"+]5.#"***\-
7916A0	"pb~s"+**3*
7916A1	")]5.#"***\-
7916A2	"(]5.#"***\-
7916A3	"q33"**9*3*
7916A4	"&]5.#"***\-
7916A5	"%]5.#"***\-
7916A6	"$]5.#"***\-
7916A7	"k[~%"+**5*
7916A8	"PD;.+"***\-
7916A9	"!]5.#"***\-
7916AA	" ]5.#"***\-
7916AB	"MD;.+"***\-
7916AC	"LD;.+"***\-
7916AD	"KD;.+"***\-
7916AE	"sj]"**4-7*
7916AF	"ID;.+"***\-
7916B0	"HD;.+"***\-
7916B1	"GD;.+"***\-
7916B2	"FD;.+"***\-
7916B3	"ED;.+"***\-
7916B4	"DD;.+"***\-
7916B5	"sj]"**3-7*
7916B6	"BD;.+"***\-
7916B7	"AD;.+"***\-
7916B8	"@D;.+"***\-
7916B9	"?D;.+"***\-
7916BA	">D;.+"***\-
7916BB	"=D;.+"***\-
7916BC	"sj]"**2-7*
7916BD	";D;.+"***\-
7916BE	":D;.+"***\-
7916BF	"9D;.+"***\-
7916C0	"8D;.+"***\-
7916C1	"C'~G)"*+**
7916C2	"]5.#"***8-
7916C3	"sj]"**1-7*
7916C4	"]5.#"***6-
7916C5	"]5.#"***5-
7916C6	"J~5/+"**+*
7916C7	"]5.#"***3-
7916C8	"]5.#"***2-
7916C9	"]5.#"***1-
7916CA	"sj]"**7*
7916CB	"]5.#"***1+
7916CC	"]5.#"***2+
7916CD	"]5.#"***3+
7916CE	"]5.#"***4+
7916CF	"]5.#"***5+
7916D0	"]5.#"***6+
7916D1	"sj]"**1+7*
7916D2	"]5.#"***8+
7916D3	"]5.#"***9+
7916D4	"$D;.+"***\-
7916D5	"#D;.+"***\-
7916D6	"]?=;#"***\-
7916D7	"!D;.+"***\-
7916D8	"sj]"**2+7*
7916D9	"Z?=;#"***\-
7916DA	"Y?=;#"***\-
7916DB	"X?=;#"***\-
7916DC	"W?=;#"***\-
7916DD	"V?=;#"***\-
7916DE	"U?=;#"***\-
7916DF	"sj]"**3+7*
7916E0	"S?=;#"***\-
7916E1	"R?=;#"***\-
7916E2	"Q?=;#"***\-
7916E3	"P?=;#"***\-
7916E4	"O?=;#"***\-
7916E5	"N?=;#"***\-
7916E6	"sj]"**4+7*
7916E7	"L?=;#"***\-
7916E8	"K?=;#"***\-
7916E9	"J?=;#"***\-
7916EA	"I?=;#"***\-
7916EB	"H?=;#"***\-
7916EC	"G?=;#"***\-
7916ED	"sj]"**5+7*
7916EE	"E?=;#"***\-
7916EF	"D;.+"***9-
7916F0	"D;.+"***8-
7916F1	"D;.+"***7-
7916F2	"D;.+"***6-
7916F3	"D;.+"***5-
7916F4	"sj]"**6+7*
7916F5	"D;.+"***3-
7916F6	"D;.+"***2-
7916F7	"D;.+"***1-
7916F8	"D;.+"***
7916F9	"D;.+"***1+
7916FA	"D;.+"***2+
7916FB	"sj]"**7+7*
7916FC	"D;.+"***4+
7916FD	"D;.+"***5+
7916FE	"D;.+"***6+
7916FF	"D;.+"***7+
791700	"D;.+"***8+
791701	"D;.+"***9+
791702	"sj]"**8+7*
791703	"0?=;#"***\-
791704	"/?=;#"***\-
791705	".?=;#"***\-
791706	"}~{U"*+*6*
791707	",?=;#"***\-
791708	"7rqM"**+8*
791709	"sj]"**9+7*
79170A	")?=;#"***\-
79170B	"(?=;#"***\-
79170C	"~}s\"**+6*
79170D	"&?=;#"***\-
79170E	"%?=;#"***\-
79170F	"$?=;#"***\-
791710	"#?=;#"***\-
791711	"#S5,)"***\-
791712	"!?=;#"***\-
791713	" ?=;#"***\-
791714	"qa~7"+**4*
791715	"K]5.#"***+
791716	"L]5.#"***+
791717	"M]5.#"***+
791718	" D;.+"***+
791719	"!D;.+"***+
79171A	"P]5.#"***+
79171B	"#D;.+"***+
79171C	"$D;.+"***+
79171D	"%D;.+"***+
79171E	"YM~C"+**6*
79171F	"'D;.+"***+
791720	"(D;.+"***+
791721	")D;.+"***+
791722	"*D;.+"***+
791723	"+D;.+"***+
791724	",D;.+"***+
791725	"-D;.+"***+
791726	"~t++%"***\-
791727	"}t++%"***\-
791728	"|t++%"***\-
791729	"{t++%"***\-
79172A	"?=;#"***9-
79172B	"?=;#"***8-
79172C	"?=;#"***7-
79172D	"?=;#"***6-
79172E	"?=;#"***5-
79172F	"?=;#"***4-
791730	"?=;#"***3-
791731	"?=;#"***2-
791732	"?=;#"***1-
791733	"?=;#"***
791734	"S5,)"***
791735	"?=;#"***2+
791736	"?=;#"***3+
791737	"?=;#"***4+
791738	"?=;#"***5+
791739	"?=;#"***6+
79173A	"?=;#"***7+
79173B	"?=;#"***8+
79173C	"?=;#"***9+
79173D	"S5,)"***9+
79173E	"ft++%"***\-
79173F	"et++%"***\-
791740	"dt++%"***\-
791741	"ct++%"***\-
791742	"bt++%"***\-
791743	"at++%"***\-
791744	"`t++%"***\-
791745	"_t++%"***\-
791746	"^t++%"***\-
791747	"]t++%"***\-
791748	"\t++%"***\-
791749	"[t++%"***\-
79174A	"Zt++%"***\-
79174B	"Yt++%"***\-
79174C	"Xt++%"***\-
79174D	"Wt++%"***\-
79174E	"Vt++%"***\-
79174F	"Ut++%"***\-
791750	"Tt++%"***\-
791751	"St++%"***\-
791752	"Rt++%"***\-
791753	"Qt++%"***\-
791754	"Pt++%"***\-
791755	"Ot++%"***\-
791756	"Nt++%"***\-
791757	"Mt++%"***\-
791758	"Lt++%"***\-
791759	"Kt++%"***\-
79175A	"Jt++%"***\-
79175B	"It++%"***\-
79175C	"Ht++%"***\-
79175D	"Gt++%"***\-
79175E	"Ft++%"***\-
79175F	"Et++%"***\-
791760	"xc~)"+**4*
791761	"Ct++%"***\-
791762	"Bt++%"***\-
791763	"At++%"***\-
791764	"@t++%"***\-
791765	"?t++%"***\-
791766	">t++%"***\-
791767	"=t++%"***\-
791768	"<t++%"***\-
791769	";t++%"***\-
79176A	":t++%"***\-
79176B	"9t++%"***\-
79176C	"8t++%"***\-
79176D	"7t++%"***\-
79176E	"6t++%"***\-
79176F	"5t++%"***\-
791770	"z^~/"+**4*
791771	"3t++%"***\-
791772	"~{``"**+7*
791773	"1t++%"***\-
791774	"0t++%"***\-
791775	"/t++%"***\-
791776	".t++%"***\-
791777	"-t++%"***\-
791778	",t++%"***\-
791779	"+t++%"***\-
79177A	"*t++%"***\-
79177B	")t++%"***\-
79177C	"(t++%"***\-
79177D	"'t++%"***\-
79177E	"&t++%"***\-
79177F	"%t++%"***\-
791780	"Hze\"**+7*
791781	"e!~7)"*+**
791782	"~}>  "***\-
791783	"!t++%"***\-
791784	" t++%"***\-
791785	"{}>  "***\-
791786	"z}>  "***\-
791787	"WS} "+**7*
791788	"x}>  "***\-
791789	"w}>  "***\-
79178A	"v}>  "***\-
79178B	"u}>  "***\-
79178C	"t}>  "***\-
79178D	"s}>  "***\-
79178E	"r}>  "***\-
79178F	"q}>  "***\-
791790	"0~_/%"**+*
791791	"o}>  "***\-
791792	"n}>  "***\-
791793	"m}>  "***\-
791794	"l}>  "***\-
791795	"Kze\"**+7*
791796	"j}>  "***\-
791797	"i}>  "***\-
791798	"h}>  "***\-
791799	"g}>  "***\-
79179A	"f}>  "***\-
79179B	"t++%"***9-
79179C	"t++%"***8-
79179D	"t++%"***7-
79179E	"t++%"***6-
79179F	"t++%"***5-
7917A0	"t++%"***4-
7917A1	"t++%"***3-
7917A2	"t++%"***2-
7917A3	"t++%"***1-
7917A4	"t++%"***
7917A5	"t++%"***1+
7917A6	"t++%"***2+
7917A7	"t++%"***3+
7917A8	"t++%"***4+
7917A9	"t++%"***5+
7917AA	"t++%"***6+
7917AB	"t++%"***7+
7917AC	"t++%"***8+
7917AD	"t++%"***9+
7917AE	"R}>  "***\-
7917AF	"Q}>  "***\-
7917B0	"sL~e"+**4*
7917B1	"!sj]"**+7*
7917B2	"N}>  "***\-
7917B3	"M}>  "***\-
7917B4	"L}>  "***\-
7917B5	"K}>  "***\-
7917B6	"J}>  "***\-
7917B7	"I}>  "***\-
7917B8	"}|@"**9-8*
7917B9	"G}>  "***\-
7917BA	"F}>  "***\-
7917BB	"E}>  "***\-
7917BC	"D}>  "***\-
7917BD	"C}>  "***\-
7917BE	"B}>  "***\-
7917BF	"#sj]"**+7*
7917C0	"}|@"**8-8*
7917C1	"?}>  "***\-
7917C2	">}>  "***\-
7917C3	"=}>  "***\-
7917C4	"<}>  "***\-
7917C5	";}>  "***\-
7917C6	"$sj]"**+7*
7917C7	"9}>  "***\-
7917C8	"}|@"**7-8*
7917C9	"oO~7"+**5*
7917CA	"6}>  "***\-
7917CB	"5}>  "***\-
7917CC	"4}>  "***\-
7917CD	"%sj]"**+7*
7917CE	"2}>  "***\-
7917CF	"1}>  "***\-
7917D0	"Y~t_"*+*8*
7917D1	"/}>  "***\-
7917D2	".}>  "***\-
7917D3	"5~Y))"**+*
7917D4	"&sj]"**+7*
7917D5	"+}>  "***\-
7917D6	"*}>  "***\-
7917D7	")}>  "***\-
7917D8	"}|@"**5-8*
7917D9	"'}>  "***\-
7917DA	"&}>  "***\-
7917DB	"'sj]"**+7*
7917DC	"$}>  "***\-
7917DD	"#}>  "***\-
7917DE	":t++%"***+
7917DF	"!}>  "***\-
7917E0	"}|@"**4-8*
7917E1	"=t++%"***+
7917E2	">t++%"***+
7917E3	"?t++%"***+
7917E4	"@t++%"***+
7917E5	"At++%"***+
7917E6	"Bt++%"***+
7917E7	"Ct++%"***+
7917E8	"kI_ "+**8*
7917E9	"Et++%"***+
7917EA	"Ft++%"***+
7917EB	"Gt++%"***+
7917EC	"Ht++%"***+
7917ED	"It++%"***+
7917EE	"Jt++%"***+
7917EF	"Kt++%"***+
7917F0	"}|@"**2-8*
7917F1	"}u3&#"***\-
7917F2	"|u3&#"***\-
7917F3	"{u3&#"***\-
7917F4	"zu3&#"***\-
7917F5	"yu3&#"***\-
7917F6	"q~xt"*+*5*
7917F7	"w~wO"*+*7*
7917F8	"}|@"**1-8*
7917F9	"}>  "***7-
7917FA	"}>  "***6-
7917FB	"}>  "***5-
7917FC	"}>  "***4-
7917FD	"}>  "***3-
7917FE	"}>  "***2-
7917FF	"}>  "***1-
