F6E000	"dO @"***
F6E001	"dO @"***1+
F6E002	"dO @"***2+
F6E003	"dO @"***3+
F6E004	"dO @"***4+
F6E005	"dO @"***5+
F6E006	"dO @"***6+
F6E007	"dO @"***7+
F6E008	"dO @"***8+
F6E009	"dO @"***9+
F6E00A	"ba.%"***2-
F6E00B	"ba.%"***1-
F6E00C	"ba.%"***
F6E00D	"ba.%"***1+
F6E00E	"ba.%"***2+
F6E00F	"ba.%"***3+
F6E010	"vt~ !"*+**
F6E011	"ba.%"***5+
F6E012	"ba.%"***6+
F6E013	"ba.%"***7+
F6E014	"ba.%"***8+
F6E015	"ba.%"***9+
F6E016	"XjY1#"***\-
F6E017	"WjY1#"***\-
F6E018	"VjY1#"***\-
F6E019	"UjY1#"***\-
F6E01A	"TjY1#"***\-
F6E01B	"SjY1#"***\-
F6E01C	"RjY1#"***\-
F6E01D	"QjY1#"***\-
F6E01E	"PjY1#"***\-
F6E01F	"wg(!"***9-
F6E020	"wg(!"***8-
F6E021	"/~mM)"**+*
F6E022	"wg(!"***6-
F6E023	"wg(!"***5-
F6E024	"wg(!"***4-
F6E025	"wg(!"***3-
F6E026	"wg(!"***2-
F6E027	"wg(!"***1-
F6E028	"wg(!"***
F6E029	"wg(!"***1+
F6E02A	"wg(!"***2+
F6E02B	"wg(!"***3+
F6E02C	"wg(!"***4+
F6E02D	"wg(!"***5+
F6E02E	"wg(!"***6+
F6E02F	"wg(!"***7+
F6E030	"wg(!"***8+
F6E031	"wg(!"***9+
F6E032	"<jY1#"***\-
F6E033	";jY1#"***\-
F6E034	":jY1#"***\-
F6E035	"9jY1#"***\-
F6E036	"8jY1#"***\-
F6E037	"7jY1#"***\-
F6E038	"6jY1#"***\-
F6E039	"5jY1#"***\-
F6E03A	"4jY1#"***\-
F6E03B	"3jY1#"***\-
F6E03C	"2jY1#"***\-
F6E03D	"1jY1#"***\-
F6E03E	"0jY1#"***\-
F6E03F	"/jY1#"***\-
F6E040	".jY1#"***\-
F6E041	"-jY1#"***\-
F6E042	",jY1#"***\-
F6E043	"+jY1#"***\-
F6E044	"*jY1#"***\-
F6E045	")jY1#"***\-
F6E046	"(jY1#"***\-
F6E047	"'jY1#"***\-
F6E048	"&jY1#"***\-
F6E049	"yS~-!"*+**
F6E04A	"$jY1#"***\-
F6E04B	"#jY1#"***\-
F6E04C	"x]>=."***\-
F6E04D	"!jY1#"***\-
F6E04E	" jY1#"***\-
F6E04F	"u]>=."***\-
F6E050	"t]>=."***\-
F6E051	"s]>=."***\-
F6E052	"r]>=."***\-
F6E053	"q]>=."***\-
F6E054	"p]>=."***\-
F6E055	"o]>=."***\-
F6E056	"n]>=."***\-
F6E057	"m]>=."***\-
F6E058	"l]>=."***\-
F6E059	"k]>=."***\-
F6E05A	"j]>=."***\-
F6E05B	"e3~C-"*+**
F6E05C	"h]>=."***\-
F6E05D	"g]>=."***\-
F6E05E	"f]>=."***\-
F6E05F	"e]>=."***\-
F6E060	"d]>=."***\-
F6E061	"c]>=."***\-
F6E062	"&~mG7"**+*
F6E063	"a]>=."***\-
F6E064	"`]>=."***\-
F6E065	"jY1#"***9-
F6E066	"jY1#"***8-
F6E067	"jY1#"***7-
F6E068	"jY1#"***6-
F6E069	"jY1#"***5-
F6E06A	"jY1#"***4-
F6E06B	"jY1#"***3-
F6E06C	"jY1#"***2-
F6E06D	"jY1#"***1-
F6E06E	"jY1#"***
F6E06F	"jY1#"***1+
F6E070	"0~kC/"**+*
F6E071	"jY1#"***3+
F6E072	"jY1#"***4+
F6E073	"jY1#"***5+
F6E074	"jY1#"***6+
F6E075	"jY1#"***7+
F6E076	"jY1#"***8+
F6E077	"jY1#"***9+
F6E078	"L]>=."***\-
F6E079	"K]>=."***\-
F6E07A	"J]>=."***\-
F6E07B	"I]>=."***\-
F6E07C	"H]>=."***\-
F6E07D	"G]>=."***\-
F6E07E	"~dO @"***+
F6E07F	"E]>=."***\-
F6E080	"D]>=."***\-
F6E081	"C]>=."***\-
F6E082	"B]>=."***\-
F6E083	"A]>=."***\-
F6E084	"@]>=."***\-
F6E085	"?]>=."***\-
F6E086	">]>=."***\-
F6E087	"=]>=."***\-
F6E088	"<]>=."***\-
F6E089	";]>=."***\-
F6E08A	":]>=."***\-
F6E08B	"9]>=."***\-
F6E08C	"8]>=."***\-
F6E08D	"7]>=."***\-
F6E08E	"6]>=."***\-
F6E08F	"5]>=."***\-
F6E090	"4]>=."***\-
F6E091	"3]>=."***\-
F6E092	"2]>=."***\-
F6E093	"1]>=."***\-
F6E094	"0]>=."***\-
F6E095	"/]>=."***\-
F6E096	".]>=."***\-
F6E097	"-]>=."***\-
F6E098	",]>=."***\-
F6E099	"+]>=."***\-
F6E09A	"*]>=."***\-
F6E09B	")]>=."***\-
F6E09C	"(]>=."***\-
F6E09D	"']>=."***\-
F6E09E	"&]>=."***\-
F6E09F	"%]>=."***\-
F6E0A0	"xJ~ 5"*+**
F6E0A1	"#]>=."***\-
F6E0A2	"~hY.&"***\-
F6E0A3	"!]>=."***\-
F6E0A4	" ]>=."***\-
F6E0A5	"{hY.&"***\-
F6E0A6	"zhY.&"***\-
F6E0A7	"yhY.&"***\-
F6E0A8	"xhY.&"***\-
F6E0A9	"whY.&"***\-
F6E0AA	"vhY.&"***\-
F6E0AB	"uhY.&"***\-
F6E0AC	"l~;;+"**+*
F6E0AD	"shY.&"***\-
F6E0AE	"rhY.&"***\-
F6E0AF	"qhY.&"***\-
F6E0B0	"phY.&"***\-
F6E0B1	"ohY.&"***\-
F6E0B2	"nhY.&"***\-
F6E0B3	"mhY.&"***\-
F6E0B4	"lhY.&"***\-
F6E0B5	"khY.&"***\-
F6E0B6	"jhY.&"***\-
F6E0B7	"ihY.&"***\-
F6E0B8	"hhY.&"***\-
F6E0B9	"ghY.&"***\-
F6E0BA	"fhY.&"***\-
F6E0BB	"]>=."***9-
F6E0BC	"]>=."***8-
F6E0BD	"]>=."***7-
F6E0BE	"]>=."***6-
F6E0BF	"]>=."***5-
F6E0C0	"]>=."***4-
F6E0C1	"]>=."***3-
F6E0C2	"]>=."***2-
F6E0C3	"]>=."***1-
F6E0C4	"]>=."***
F6E0C5	"]>=."***1+
F6E0C6	"]>=."***2+
F6E0C7	"]>=."***3+
F6E0C8	"]>=."***4+
F6E0C9	"]>=."***5+
F6E0CA	"]>=."***6+
F6E0CB	"]>=."***7+
F6E0CC	"]>=."***8+
F6E0CD	"]>=."***9+
F6E0CE	"RhY.&"***\-
F6E0CF	"QhY.&"***\-
F6E0D0	"PhY.&"***\-
F6E0D1	"OhY.&"***\-
F6E0D2	"NhY.&"***\-
F6E0D3	"MhY.&"***\-
F6E0D4	"LhY.&"***\-
F6E0D5	"KhY.&"***\-
F6E0D6	"JhY.&"***\-
F6E0D7	"IhY.&"***\-
F6E0D8	"HhY.&"***\-
F6E0D9	"GhY.&"***\-
F6E0DA	"FhY.&"***\-
F6E0DB	"EhY.&"***\-
F6E0DC	"DhY.&"***\-
F6E0DD	"ChY.&"***\-
F6E0DE	"BhY.&"***\-
F6E0DF	"AhY.&"***\-
F6E0E0	"@hY.&"***\-
F6E0E1	"?hY.&"***\-
F6E0E2	"QQ~A$"*+**
F6E0E3	"=hY.&"***\-
F6E0E4	"IC~V%"*+**
F6E0E5	";hY.&"***\-
F6E0E6	":hY.&"***\-
F6E0E7	"9hY.&"***\-
F6E0E8	"8hY.&"***\-
F6E0E9	"7hY.&"***\-
F6E0EA	"6hY.&"***\-
F6E0EB	"5hY.&"***\-
F6E0EC	"4hY.&"***\-
F6E0ED	"3hY.&"***\-
F6E0EE	"2hY.&"***\-
F6E0EF	"1hY.&"***\-
F6E0F0	"0hY.&"***\-
F6E0F1	"/hY.&"***\-
F6E0F2	".hY.&"***\-
F6E0F3	"-hY.&"***\-
F6E0F4	",hY.&"***\-
F6E0F5	"+hY.&"***\-
F6E0F6	"*hY.&"***\-
F6E0F7	")hY.&"***\-
F6E0F8	"(hY.&"***\-
F6E0F9	"'hY.&"***\-
F6E0FA	"&hY.&"***\-
F6E0FB	"%hY.&"***\-
F6E0FC	"$hY.&"***\-
F6E0FD	"#hY.&"***\-
F6E0FE	":]>=."***+
F6E0FF	"!hY.&"***\-
F6E100	" hY.&"***\-
F6E101	"=]>=."***+
F6E102	">]>=."***+
F6E103	"?]>=."***+
F6E104	"@]>=."***+
F6E105	"A]>=."***+
F6E106	"B]>=."***+
F6E107	"C]>=."***+
F6E108	"D]>=."***+
F6E109	"E]>=."***+
F6E10A	"F]>=."***+
F6E10B	"G]>=."***+
F6E10C	"H]>=."***+
F6E10D	"I]>=."***+
F6E10E	"J]>=."***+
F6E10F	"K]>=."***+
F6E110	"L]>=."***+
F6E111	"M]>=."***+
F6E112	"N]>=."***+
F6E113	"O]>=."***+
F6E114	"P]>=."***+
F6E115	"Q]>=."***+
F6E116	"R]>=."***+
F6E117	"hY.&"***9-
F6E118	"xG~U"+**9*
F6E119	"hY.&"***7-
F6E11A	"hY.&"***6-
F6E11B	"hY.&"***5-
F6E11C	"hY.&"***4-
F6E11D	"hY.&"***3-
F6E11E	"hY.&"***2-
F6E11F	"hY.&"***1-
F6E120	"hY.&"***
F6E121	"hY.&"***1+
F6E122	"hY.&"***2+
F6E123	"hY.&"***3+
F6E124	"hY.&"***4+
F6E125	"hY.&"***5+
F6E126	"hY.&"***6+
F6E127	"hY.&"***7+
F6E128	"hY.&"***8+
F6E129	"hY.&"***9+
F6E12A	"f]>=."***+
F6E12B	"~}M))"***\-
F6E12C	"}}M))"***\-
F6E12D	"|}M))"***\-
F6E12E	"{}M))"***\-
F6E12F	"z}M))"***\-
F6E130	"y}M))"***\-
F6E131	"x}M))"***\-
F6E132	"w}M))"***\-
F6E133	"v}M))"***\-
F6E134	"u}M))"***\-
F6E135	"t}M))"***\-
F6E136	"s}M))"***\-
F6E137	"r}M))"***\-
F6E138	"q}M))"***\-
F6E139	"p}M))"***\-
F6E13A	"o}M))"***\-
F6E13B	"n}M))"***\-
F6E13C	"m}M))"***\-
F6E13D	"l}M))"***\-
F6E13E	"k}M))"***\-
F6E13F	"j}M))"***\-
F6E140	"|p~k"+**5*
F6E141	"h}M))"***\-
F6E142	"g}M))"***\-
F6E143	"f}M))"***\-
F6E144	"mV~(("*+**
F6E145	"d}M))"***\-
F6E146	"c}M))"***\-
F6E147	"b}M))"***\-
F6E148	"a}M))"***\-
F6E149	"`}M))"***\-
F6E14A	"_}M))"***\-
F6E14B	"^}M))"***\-
F6E14C	"]}M))"***\-
F6E14D	"\}M))"***\-
F6E14E	"[}M))"***\-
F6E14F	"Z}M))"***\-
F6E150	"Y}M))"***\-
F6E151	"X}M))"***\-
F6E152	"W}M))"***\-
F6E153	"V}M))"***\-
F6E154	"U}M))"***\-
F6E155	"T}M))"***\-
F6E156	"S}M))"***\-
F6E157	"R}M))"***\-
F6E158	"Q}M))"***\-
F6E159	"_%~y%"*+**
F6E15A	"O}M))"***\-
F6E15B	"N}M))"***\-
F6E15C	"M}M))"***\-
F6E15D	"L}M))"***\-
F6E15E	"K}M))"***\-
F6E15F	"G~e7)"**+*
F6E160	"I}M))"***\-
F6E161	"H}M))"***\-
F6E162	"G}M))"***\-
F6E163	"i~S5#"**+*
F6E164	"E}M))"***\-
F6E165	"D}M))"***\-
F6E166	"C}M))"***\-
F6E167	"B}M))"***\-
F6E168	"A}M))"***\-
F6E169	"@}M))"***\-
F6E16A	"?}M))"***\-
F6E16B	">}M))"***\-
F6E16C	"=}M))"***\-
F6E16D	"<}M))"***\-
F6E16E	";}M))"***\-
F6E16F	":}M))"***\-
F6E170	"9}M))"***\-
F6E171	"8}M))"***\-
F6E172	"7}M))"***\-
F6E173	"6}M))"***\-
F6E174	"5}M))"***\-
F6E175	"4}M))"***\-
F6E176	"3}M))"***\-
F6E177	"2}M))"***\-
F6E178	"1}M))"***\-
F6E179	"0}M))"***\-
F6E17A	"/}M))"***\-
F6E17B	".}M))"***\-
F6E17C	"-}M))"***\-
F6E17D	",}M))"***\-
F6E17E	"+}M))"***\-
F6E17F	"*}M))"***\-
F6E180	")}M))"***\-
F6E181	"(}M))"***\-
F6E182	"'}M))"***\-
F6E183	"&}M))"***\-
F6E184	"%}M))"***\-
F6E185	"$}M))"***\-
F6E186	"#}M))"***\-
F6E187	"aS;;8"***\-
F6E188	"!}M))"***\-
F6E189	" }M))"***\-
F6E18A	"^S;;8"***\-
F6E18B	"]S;;8"***\-
F6E18C	"\S;;8"***\-
F6E18D	"[S;;8"***\-
F6E18E	"ZS;;8"***\-
F6E18F	"YS;;8"***\-
F6E190	"XS;;8"***\-
F6E191	"WS;;8"***\-
F6E192	"VS;;8"***\-
F6E193	"US;;8"***\-
F6E194	"TS;;8"***\-
F6E195	"SS;;8"***\-
F6E196	"RS;;8"***\-
F6E197	"QS;;8"***\-
F6E198	"PS;;8"***\-
F6E199	"OS;;8"***\-
F6E19A	"NS;;8"***\-
F6E19B	"MS;;8"***\-
F6E19C	"LS;;8"***\-
F6E19D	"KS;;8"***\-
F6E19E	"JS;;8"***\-
F6E19F	"IS;;8"***\-
F6E1A0	"}M))"***9-
F6E1A1	"}M))"***8-
F6E1A2	"}M))"***7-
F6E1A3	"}M))"***6-
F6E1A4	"}M))"***5-
F6E1A5	"}M))"***4-
F6E1A6	"}M))"***3-
F6E1A7	"}M))"***2-
F6E1A8	"}M))"***1-
F6E1A9	"}M))"***
F6E1AA	"}M))"***1+
F6E1AB	"}M))"***2+
F6E1AC	"}M))"***3+
F6E1AD	"}M))"***4+
F6E1AE	"}M))"***5+
F6E1AF	"}M))"***6+
F6E1B0	"}M))"***7+
F6E1B1	"}M))"***8+
F6E1B2	"}M))"***9+
F6E1B3	"5S;;8"***\-
F6E1B4	"yB~2&"*+**
F6E1B5	"3S;;8"***\-
F6E1B6	"2S;;8"***\-
F6E1B7	"1S;;8"***\-
F6E1B8	"0S;;8"***\-
F6E1B9	"/S;;8"***\-
F6E1BA	".S;;8"***\-
F6E1BB	"-S;;8"***\-
F6E1BC	",S;;8"***\-
F6E1BD	"+S;;8"***\-
F6E1BE	"*S;;8"***\-
F6E1BF	")S;;8"***\-
F6E1C0	"(S;;8"***\-
F6E1C1	"'S;;8"***\-
F6E1C2	"&S;;8"***\-
F6E1C3	"%S;;8"***\-
F6E1C4	"$S;;8"***\-
F6E1C5	"1+~[S"*+**
F6E1C6	"*VNC$"***\-
F6E1C7	"!S;;8"***\-
F6E1C8	"^J~7("*+**
F6E1C9	"'VNC$"***\-
F6E1CA	"&VNC$"***\-
F6E1CB	"%VNC$"***\-
F6E1CC	"$VNC$"***\-
F6E1CD	"#VNC$"***\-
F6E1CE	"X^U--"***\-
F6E1CF	"!VNC$"***\-
F6E1D0	" VNC$"***\-
F6E1D1	"U^U--"***\-
F6E1D2	"T^U--"***\-
F6E1D3	"S^U--"***\-
F6E1D4	"R^U--"***\-
F6E1D5	"Q^U--"***\-
F6E1D6	"P^U--"***\-
F6E1D7	"O^U--"***\-
F6E1D8	"N^U--"***\-
F6E1D9	"M^U--"***\-
F6E1DA	"O~w+("**+*
F6E1DB	"K^U--"***\-
F6E1DC	"J^U--"***\-
F6E1DD	"I^U--"***\-
F6E1DE	"H^U--"***\-
F6E1DF	"S;;8"***9-
F6E1E0	"S;;8"***8-
F6E1E1	"S;;8"***7-
F6E1E2	"S;;8"***6-
F6E1E3	"S;;8"***5-
F6E1E4	"S;;8"***4-
F6E1E5	"S;;8"***3-
F6E1E6	"S;;8"***2-
F6E1E7	"S;;8"***1-
F6E1E8	"S;;8"***
F6E1E9	"S;;8"***1+
F6E1EA	"S;;8"***2+
F6E1EB	"S;;8"***3+
F6E1EC	"S;;8"***4+
F6E1ED	"oG~/)"*+**
F6E1EE	"S;;8"***6+
F6E1EF	"se~I"+**7*
F6E1F0	"VNC$"***
F6E1F1	"S;;8"***9+
F6E1F2	"VNC$"***2+
F6E1F3	"VNC$"***3+
F6E1F4	"VNC$"***4+
F6E1F5	"VNC$"***5+
F6E1F6	"VNC$"***6+
F6E1F7	"VNC$"***7+
F6E1F8	"VNC$"***8+
F6E1F9	"VNC$"***9+
F6E1FA	",^U--"***\-
F6E1FB	"+^U--"***\-
F6E1FC	"*^U--"***\-
F6E1FD	")^U--"***\-
F6E1FE	"(^U--"***\-
F6E1FF	"'^U--"***\-
F6E200	"&^U--"***\-
F6E201	"%^U--"***\-
F6E202	"$^U--"***\-
F6E203	"#^U--"***\-
F6E204	"r_C>)"***\-
F6E205	"!^U--"***\-
F6E206	" ^U--"***\-
F6E207	"o_C>)"***\-
F6E208	"n_C>)"***\-
F6E209	"m_C>)"***\-
F6E20A	"l_C>)"***\-
F6E20B	"k_C>)"***\-
F6E20C	"j_C>)"***\-
F6E20D	"i_C>)"***\-
F6E20E	"h_C>)"***\-
F6E20F	"g_C>)"***\-
F6E210	"f_C>)"***\-
F6E211	"e_C>)"***\-
F6E212	"d_C>)"***\-
F6E213	"c_C>)"***\-
F6E214	"b_C>)"***\-
F6E215	"a_C>)"***\-
F6E216	"`_C>)"***\-
F6E217	"__C>)"***\-
F6E218	"^_C>)"***\-
F6E219	"]_C>)"***\-
F6E21A	"\_C>)"***\-
F6E21B	"[_C>)"***\-
F6E21C	"Z_C>)"***\-
F6E21D	"^U--"***9-
F6E21E	"^U--"***8-
F6E21F	"^U--"***7-
F6E220	"^U--"***6-
F6E221	"^U--"***5-
F6E222	"^U--"***4-
F6E223	"^U--"***3-
F6E224	"^U--"***2-
F6E225	"^U--"***1-
F6E226	"^U--"***
F6E227	"^U--"***1+
F6E228	"^U--"***2+
F6E229	"^U--"***3+
F6E22A	"^U--"***4+
F6E22B	"^U--"***5+
F6E22C	"^U--"***6+
F6E22D	"^U--"***7+
F6E22E	"^U--"***8+
F6E22F	"^U--"***9+
F6E230	"F_C>)"***\-
F6E231	"E_C>)"***\-
F6E232	"D_C>)"***\-
F6E233	"C_C>)"***\-
F6E234	"B_C>)"***\-
F6E235	"A_C>)"***\-
F6E236	"@_C>)"***\-
F6E237	"?_C>)"***\-
F6E238	">_C>)"***\-
F6E239	"=_C>)"***\-
F6E23A	"<_C>)"***\-
F6E23B	";_C>)"***\-
F6E23C	":_C>)"***\-
F6E23D	"9_C>)"***\-
F6E23E	"8_C>)"***\-
F6E23F	"7_C>)"***\-
F6E240	"6_C>)"***\-
F6E241	"5_C>)"***\-
F6E242	"4_C>)"***\-
F6E243	"3_C>)"***\-
F6E244	"2_C>)"***\-
F6E245	"1_C>)"***\-
F6E246	"0_C>)"***\-
F6E247	"/_C>)"***\-
F6E248	"._C>)"***\-
F6E249	"-_C>)"***\-
F6E24A	",_C>)"***\-
F6E24B	"+_C>)"***\-
F6E24C	"*_C>)"***\-
F6E24D	")_C>)"***\-
F6E24E	"(_C>)"***\-
F6E24F	"'_C>)"***\-
F6E250	"rq} "+**8*
F6E251	"%_C>)"***\-
F6E252	"$_C>)"***\-
F6E253	"#_C>)"***\-
F6E254	",jj- "***\-
F6E255	"!_C>)"***\-
F6E256	" _C>)"***\-
F6E257	")jj- "***\-
F6E258	"(jj- "***\-
F6E259	"3~};+"**+*
F6E25A	"&jj- "***\-
F6E25B	"%jj- "***\-
F6E25C	"$jj- "***\-
F6E25D	"#jj- "***\-
F6E25E	"Ua[/'"***\-
F6E25F	"!jj- "***\-
F6E260	" jj- "***\-
F6E261	"Ra[/'"***\-
F6E262	"Qa[/'"***\-
F6E263	"Pa[/'"***\-
F6E264	"Oa[/'"***\-
F6E265	"Na[/'"***\-
F6E266	"Ma[/'"***\-
F6E267	"La[/'"***\-
F6E268	"Ka[/'"***\-
F6E269	"Ja[/'"***\-
F6E26A	"Ia[/'"***\-
F6E26B	"Ha[/'"***\-
F6E26C	"Ga[/'"***\-
F6E26D	"_C>)"***9-
F6E26E	"_C>)"***8-
F6E26F	"_C>)"***7-
F6E270	"_C>)"***6-
F6E271	"_C>)"***5-
F6E272	"_C>)"***4-
F6E273	"_C>)"***3-
F6E274	"_C>)"***2-
F6E275	"_C>)"***1-
F6E276	"_C>)"***
F6E277	"~{t"**9-9*
F6E278	"_C>)"***2+
F6E279	"_C>)"***3+
F6E27A	"_C>)"***4+
F6E27B	"_C>)"***5+
F6E27C	"_C>)"***6+
F6E27D	"_C>)"***7+
F6E27E	"_C>)"***8+
F6E27F	"_C>)"***9+
F6E280	"jj- "***
F6E281	"jj- "***1+
F6E282	"jj- "***2+
F6E283	"jj- "***3+
F6E284	"jj- "***4+
F6E285	"jj- "***5+
F6E286	"jj- "***6+
F6E287	"jj- "***7+
F6E288	"jj- "***8+
F6E289	"~{t"**7-9*
F6E28A	")a[/'"***\-
F6E28B	"(a[/'"***\-
F6E28C	"'a[/'"***\-
F6E28D	"&a[/'"***\-
F6E28E	"%a[/'"***\-
F6E28F	"$a[/'"***\-
F6E290	"p~S/%"**+*
F6E291	"7~W)$"***\-
F6E292	"~{t"**6-9*
F6E293	" a[/'"***\-
F6E294	"4~W)$"***\-
F6E295	"3~W)$"***\-
F6E296	"2~W)$"***\-
F6E297	"1~W)$"***\-
F6E298	"0~W)$"***\-
F6E299	"/~W)$"***\-
F6E29A	".~W)$"***\-
F6E29B	"~{t"**5-9*
F6E29C	",~W)$"***\-
F6E29D	"+~W)$"***\-
F6E29E	"*~W)$"***\-
F6E29F	")~W)$"***\-
F6E2A0	"(~W)$"***\-
F6E2A1	"'~W)$"***\-
F6E2A2	"&~W)$"***\-
F6E2A3	"%~W)$"***\-
F6E2A4	"~{t"**4-9*
F6E2A5	"#~W)$"***\-
F6E2A6	"yJ~))"*+**
F6E2A7	"!~W)$"***\-
F6E2A8	" ~W)$"***\-
F6E2A9	"Iw>3+"***\-
F6E2AA	"a[/'"***9-
F6E2AB	"a[/'"***8-
F6E2AC	"a[/'"***7-
F6E2AD	"a[/'"***6-
F6E2AE	"a[/'"***5-
F6E2AF	"a[/'"***4-
F6E2B0	"a[/'"***3-
F6E2B1	"a[/'"***2-
F6E2B2	"a[/'"***1-
F6E2B3	"a[/'"***
F6E2B4	"a[/'"***1+
F6E2B5	"a[/'"***2+
F6E2B6	"a[/'"***3+
F6E2B7	"a[/'"***4+
F6E2B8	"a[/'"***5+
F6E2B9	"a[/'"***6+
F6E2BA	"a[/'"***7+
F6E2BB	"a[/'"***8+
F6E2BC	"a[/'"***9+
F6E2BD	"5w>3+"***\-
F6E2BE	"4w>3+"***\-
F6E2BF	"~{t"**1-9*
F6E2C0	"~W)$"***8-
F6E2C1	"q#~A="*+**
F6E2C2	"~W)$"***6-
F6E2C3	"~W)$"***5-
F6E2C4	"~W)$"***4-
F6E2C5	"~W)$"***3-
F6E2C6	"~W)$"***2-
F6E2C7	"~W)$"***1-
F6E2C8	"~{t"**9*
F6E2C9	"~W)$"***1+
F6E2CA	"~W)$"***2+
F6E2CB	"~W)$"***3+
F6E2CC	"~W)$"***4+
F6E2CD	"~W)$"***5+
F6E2CE	"~W)$"***6+
F6E2CF	"~W)$"***7+
F6E2D0	"~W)$"***8+
F6E2D1	"~{t"**1+9*
F6E2D2	" w>3+"***\-
F6E2D3	"a_S9$"***\-
F6E2D4	"`_S9$"***\-
F6E2D5	"__S9$"***\-
F6E2D6	"^_S9$"***\-
F6E2D7	"]_S9$"***\-
F6E2D8	"\_S9$"***\-
F6E2D9	"[_S9$"***\-
F6E2DA	"~{t"**2+9*
F6E2DB	"Y_S9$"***\-
F6E2DC	"X_S9$"***\-
F6E2DD	"W_S9$"***\-
F6E2DE	"V_S9$"***\-
F6E2DF	"U_S9$"***\-
F6E2E0	"T_S9$"***\-
F6E2E1	"S_S9$"***\-
F6E2E2	"R_S9$"***\-
F6E2E3	"~{t"**3+9*
F6E2E4	"P_S9$"***\-
F6E2E5	"O_S9$"***\-
F6E2E6	"N_S9$"***\-
F6E2E7	"M_S9$"***\-
F6E2E8	"L_S9$"***\-
F6E2E9	"w>3+"***9-
F6E2EA	"j~;7/"**+*
F6E2EB	"w>3+"***7-
F6E2EC	"~{t"**4+9*
F6E2ED	"w>3+"***5-
F6E2EE	"w>3+"***4-
F6E2EF	"w>3+"***3-
F6E2F0	"w>3+"***2-
F6E2F1	"w>3+"***1-
F6E2F2	"w>3+"***
F6E2F3	"w>3+"***1+
F6E2F4	"w>3+"***2+
F6E2F5	"~{t"**5+9*
F6E2F6	"w>3+"***4+
F6E2F7	"w>3+"***5+
F6E2F8	"w>3+"***6+
F6E2F9	"w>3+"***7+
F6E2FA	"w>3+"***8+
F6E2FB	"w>3+"***9+
F6E2FC	"8_S9$"***\-
F6E2FD	"7_S9$"***\-
F6E2FE	"~{t"**6+9*
F6E2FF	"5_S9$"***\-
F6E300	"4_S9$"***\-
F6E301	"3_S9$"***\-
F6E302	"2_S9$"***\-
F6E303	"1_S9$"***\-
F6E304	"0_S9$"***\-
F6E305	"/_S9$"***\-
F6E306	"._S9$"***\-
F6E307	"~{t"**7+9*
F6E308	",_S9$"***\-
F6E309	"+_S9$"***\-
F6E30A	"*_S9$"***\-
F6E30B	")_S9$"***\-
F6E30C	"(_S9$"***\-
F6E30D	"'_S9$"***\-
F6E30E	"&_S9$"***\-
F6E30F	"%_S9$"***\-
F6E310	"~{t"**8+9*
F6E311	"#_S9$"***\-
F6E312	" w>3+"***+
F6E313	"!_S9$"***\-
F6E314	" _S9$"***\-
F6E315	"#w>3+"***+
F6E316	"$w>3+"***+
F6E317	"%w>3+"***+
F6E318	"&w>3+"***+
F6E319	"~{t"**9+9*
F6E31A	"(w>3+"***+
F6E31B	")w>3+"***+
F6E31C	"*w>3+"***+
F6E31D	"+w>3+"***+
F6E31E	",w>3+"***+
F6E31F	"-w>3+"***+
F6E320	".w>3+"***+
F6E321	"/w>3+"***+
F6E322	"0w>3+"***+
F6E323	"1w>3+"***+
F6E324	"2w>3+"***+
F6E325	"3w>3+"***+
F6E326	"4w>3+"***+
F6E327	"5w>3+"***+
F6E328	"6w>3+"***+
F6E329	"7w>3+"***+
F6E32A	"8w>3+"***+
F6E32B	"_S9$"***9-
F6E32C	"_S9$"***8-
F6E32D	"_S9$"***7-
F6E32E	"_S9$"***6-
F6E32F	"_S9$"***5-
F6E330	"_S9$"***4-
F6E331	"_S9$"***3-
F6E332	"_S9$"***2-
F6E333	"_S9$"***1-
F6E334	"_S9$"***
F6E335	"_S9$"***1+
F6E336	"_S9$"***2+
F6E337	"_S9$"***3+
F6E338	"_S9$"***4+
F6E339	"_S9$"***5+
F6E33A	"_S9$"***6+
F6E33B	"_S9$"***7+
F6E33C	"_S9$"***8+
F6E33D	"_S9$"***9+
F6E33E	"Lw>3+"***+
F6E33F	"Mw>3+"***+
F6E340	"~jI3)"***\-
F6E341	"}jI3)"***\-
F6E342	"|jI3)"***\-
F6E343	"{jI3)"***\-
F6E344	"zjI3)"***\-
F6E345	"yjI3)"***\-
F6E346	"xjI3)"***\-
F6E347	"wjI3)"***\-
F6E348	"vjI3)"***\-
F6E349	"ujI3)"***\-
F6E34A	"tjI3)"***\-
F6E34B	"sjI3)"***\-
F6E34C	"rjI3)"***\-
F6E34D	"qjI3)"***\-
F6E34E	"pjI3)"***\-
F6E34F	"ojI3)"***\-
F6E350	"njI3)"***\-
F6E351	"mjI3)"***\-
F6E352	"ljI3)"***\-
F6E353	"kjI3)"***\-
F6E354	"jjI3)"***\-
F6E355	"ijI3)"***\-
F6E356	"hjI3)"***\-
F6E357	"gjI3)"***\-
F6E358	"fjI3)"***\-
F6E359	"ejI3)"***\-
F6E35A	"djI3)"***\-
F6E35B	"cjI3)"***\-
F6E35C	"A4~O;"*+**
F6E35D	"ajI3)"***\-
F6E35E	"`jI3)"***\-
F6E35F	"_jI3)"***\-
F6E360	"^jI3)"***\-
F6E361	"]jI3)"***\-
F6E362	"\jI3)"***\-
F6E363	"[jI3)"***\-
F6E364	"ZjI3)"***\-
F6E365	"YjI3)"***\-
F6E366	"XjI3)"***\-
F6E367	"WjI3)"***\-
F6E368	"VjI3)"***\-
F6E369	"UjI3)"***\-
F6E36A	"TjI3)"***\-
F6E36B	"SjI3)"***\-
F6E36C	"RjI3)"***\-
F6E36D	"QjI3)"***\-
F6E36E	"PjI3)"***\-
F6E36F	"OjI3)"***\-
F6E370	"NjI3)"***\-
F6E371	"MjI3)"***\-
F6E372	"LjI3)"***\-
F6E373	"KjI3)"***\-
F6E374	"JjI3)"***\-
F6E375	"IjI3)"***\-
F6E376	"HjI3)"***\-
F6E377	"GjI3)"***\-
F6E378	"FjI3)"***\-
F6E379	"EjI3)"***\-
F6E37A	"DjI3)"***\-
F6E37B	"CjI3)"***\-
F6E37C	"BjI3)"***\-
F6E37D	"AjI3)"***\-
F6E37E	"@jI3)"***\-
F6E37F	"?jI3)"***\-
F6E380	"L ~k="*+**
F6E381	"=jI3)"***\-
F6E382	"<jI3)"***\-
F6E383	";jI3)"***\-
F6E384	":jI3)"***\-
F6E385	"9jI3)"***\-
F6E386	"8jI3)"***\-
F6E387	"7jI3)"***\-
F6E388	"6jI3)"***\-
F6E389	"5jI3)"***\-
F6E38A	"4jI3)"***\-
F6E38B	"3jI3)"***\-
F6E38C	"2jI3)"***\-
F6E38D	"1jI3)"***\-
F6E38E	"0jI3)"***\-
F6E38F	"/jI3)"***\-
F6E390	".jI3)"***\-
F6E391	"-jI3)"***\-
F6E392	",jI3)"***\-
F6E393	"+jI3)"***\-
F6E394	"*jI3)"***\-
F6E395	")jI3)"***\-
F6E396	"(jI3)"***\-
F6E397	"'jI3)"***\-
F6E398	"&jI3)"***\-
F6E399	"%jI3)"***\-
F6E39A	"$jI3)"***\-
F6E39B	"#jI3)"***\-
F6E39C	"LeY2$"***\-
F6E39D	"!jI3)"***\-
F6E39E	" jI3)"***\-
F6E39F	"IeY2$"***\-
F6E3A0	"HeY2$"***\-
F6E3A1	"GeY2$"***\-
F6E3A2	"FeY2$"***\-
F6E3A3	"EeY2$"***\-
F6E3A4	"DeY2$"***\-
F6E3A5	"CeY2$"***\-
F6E3A6	"BeY2$"***\-
F6E3A7	"AeY2$"***\-
F6E3A8	"8~Y;7"**+*
F6E3A9	"?eY2$"***\-
F6E3AA	">eY2$"***\-
F6E3AB	"=eY2$"***\-
F6E3AC	"<eY2$"***\-
F6E3AD	";eY2$"***\-
F6E3AE	":eY2$"***\-
F6E3AF	"9eY2$"***\-
F6E3B0	"8eY2$"***\-
F6E3B1	"7eY2$"***\-
F6E3B2	"6eY2$"***\-
F6E3B3	"5eY2$"***\-
F6E3B4	"4eY2$"***\-
F6E3B5	"jI3)"***9-
F6E3B6	"jI3)"***8-
F6E3B7	"jI3)"***7-
F6E3B8	"jI3)"***6-
F6E3B9	"jI3)"***5-
F6E3BA	"jI3)"***4-
F6E3BB	"sQ~C"+**9*
F6E3BC	"jI3)"***2-
F6E3BD	"jI3)"***1-
F6E3BE	"jI3)"***
F6E3BF	"jI3)"***1+
F6E3C0	"jI3)"***2+
F6E3C1	"jI3)"***3+
F6E3C2	"jI3)"***4+
F6E3C3	"jI3)"***5+
F6E3C4	"jI3)"***6+
F6E3C5	"jI3)"***7+
F6E3C6	"jI3)"***8+
F6E3C7	"jI3)"***9+
F6E3C8	" eY2$"***\-
F6E3C9	"jI3)"***2+9+
F6E3CA	"xeY"**2-5*3*
F6E3CB	"jI3)"***4+9+
F6E3CC	"jI3)"***5+9+
F6E3CD	"W/~~_'"*++**
F6E3CE	"jI3)"***7+9+
F6E3CF	"eYH"**1-5*5*
F6E3D0	"eYK"**1-8*3*
F6E3D1	" eY2$"***\-9+
F6E3D2	"m.~~U#"*++**
F6E3D3	"xeY"**5*7-3*
F6E3D4	"eZY"**1-5*4*
F6E3D5	"GA~A4"*+**9-
F6E3D6	"GA~A4"*+**8-
F6E3D7	"GA~A4"*+**7-
F6E3D8	"GA~A4"*+**6-
F6E3D9	"GA~A4"*+**5-
F6E3DA	"GA~A4"*+**4-
F6E3DB	"GA~A4"*+**3-
F6E3DC	"GA~A4"*+**2-
F6E3DD	"GA~A4"*+**1-
F6E3DE	"GA~A4"*+**
F6E3DF	"eY2$"***9-
F6E3E0	"eY2$"***8-
F6E3E1	"eY2$"***7-
F6E3E2	"eY2$"***6-
F6E3E3	"eY2$"***5-
F6E3E4	"eY2$"***4-
F6E3E5	"eY2$"***3-
F6E3E6	"eY2$"***2-
F6E3E7	"eY2$"***1-
F6E3E8	"eY2$"***
F6E3E9	"eY2$"***1+
F6E3EA	"eY2$"***2+
F6E3EB	"eY2$"***3+
F6E3EC	"eY2$"***4+
F6E3ED	"eY2$"***5+
F6E3EE	"eY2$"***6+
F6E3EF	"eY2$"***7+
F6E3F0	"eY2$"***8+
F6E3F1	"eY2$"***9+
F6E3F2	"4jI3)"***+
F6E3F3	"5%%~a"+***
F6E3F4	"6jI3)"***+
F6E3F5	"7jI3)"***+
F6E3F6	"8jI3)"***+
F6E3F7	"9jI3)"***+
F6E3F8	":jI3)"***+
F6E3F9	";jI3)"***+
F6E3FA	"<jI3)"***+
F6E3FB	"=jI3)"***+
F6E3FC	">jI3)"***+
F6E3FD	"?jI3)"***+
F6E3FE	"@jI3)"***+
F6E3FF	"AjI3)"***+
F6E400	"`\~g"+**8*
F6E401	"CjI3)"***+
F6E402	"DjI3)"***+
F6E403	"EjI3)"***+
F6E404	"FjI3)"***+
F6E405	"GjI3)"***+
F6E406	"HjI3)"***+
F6E407	"IjI3)"***+
F6E408	" eY2$"***+
F6E409	"!eY2$"***+
F6E40A	"LjI3)"***+
F6E40B	"#eY2$"***+
F6E40C	"$~{t"**+9*
F6E40D	"}yE3&"***\-
F6E40E	"|yE3&"***\-
F6E40F	"{yE3&"***\-
F6E410	"zyE3&"***\-
F6E411	"yyE3&"***\-
F6E412	"xyE3&"***\-
F6E413	"wyE3&"***\-
F6E414	"vyE3&"***\-
F6E415	"%~{t"**+9*
F6E416	"tyE3&"***\-
F6E417	"syE3&"***\-
F6E418	"rJ~ 8"*+**
F6E419	"qyE3&"***\-
F6E41A	"pyE3&"***\-
F6E41B	"oyE3&"***\-
F6E41C	",~gS+"**+*
F6E41D	"myE3&"***\-
F6E41E	"&~{t"**+9*
F6E41F	"kyE3&"***\-
F6E420	"jyE3&"***\-
F6E421	"iyE3&"***\-
F6E422	"hyE3&"***\-
F6E423	"gyE3&"***\-
F6E424	"fyE3&"***\-
F6E425	"eyE3&"***\-
F6E426	"dyE3&"***\-
F6E427	"'~{t"**+9*
F6E428	"byE3&"***\-
F6E429	"ayE3&"***\-
F6E42A	"`yE3&"***\-
F6E42B	"_yE3&"***\-
F6E42C	"^yE3&"***\-
F6E42D	"]yE3&"***\-
F6E42E	"\yE3&"***\-
F6E42F	"[yE3&"***\-
F6E430	"(~{t"**+9*
F6E431	"YyE3&"***\-
F6E432	"XyE3&"***\-
F6E433	"WyE3&"***\-
F6E434	"VyE3&"***\-
F6E435	"UyE3&"***\-
F6E436	"TyE3&"***\-
F6E437	"SyE3&"***\-
F6E438	"RyE3&"***\-
F6E439	")~{t"**+9*
F6E43A	"PyE3&"***\-
F6E43B	"OyE3&"***\-
F6E43C	"NyE3&"***\-
F6E43D	"MyE3&"***\-
F6E43E	"LyE3&"***\-
F6E43F	"KyE3&"***\-
F6E440	"JyE3&"***\-
F6E441	"Y~AA+"**+*
F6E442	"*~{t"**+9*
F6E443	"GyE3&"***\-
F6E444	"FyE3&"***\-
F6E445	"EyE3&"***\-
F6E446	"DyE3&"***\-
F6E447	"CyE3&"***\-
F6E448	"ByE3&"***\-
F6E449	"AyE3&"***\-
F6E44A	"@yE3&"***\-
F6E44B	"+~{t"**+9*
F6E44C	">yE3&"***\-
F6E44D	"=yE3&"***\-
F6E44E	"<yE3&"***\-
F6E44F	";yE3&"***\-
F6E450	":yE3&"***\-
F6E451	"9yE3&"***\-
F6E452	"8yE3&"***\-
F6E453	"7yE3&"***\-
F6E454	",~{t"**+9*
F6E455	"5yE3&"***\-
F6E456	"4yE3&"***\-
F6E457	"3yE3&"***\-
F6E458	"2yE3&"***\-
F6E459	"1yE3&"***\-
F6E45A	"0yE3&"***\-
F6E45B	"/yE3&"***\-
F6E45C	".yE3&"***\-
F6E45D	"-~{t"**+9*
F6E45E	",yE3&"***\-
F6E45F	"+yE3&"***\-
F6E460	"*yE3&"***\-
F6E461	")yE3&"***\-
F6E462	"(yE3&"***\-
F6E463	"'yE3&"***\-
F6E464	"&yE3&"***\-
F6E465	"%yE3&"***\-
F6E466	".~{t"**+9*
F6E467	"#yE3&"***\-
F6E468	"D~s/,"**+*
F6E469	"!yE3&"***\-
F6E46A	" yE3&"***\-
F6E46B	"AmD;%"***\-
F6E46C	"@mD;%"***\-
F6E46D	"?mD;%"***\-
F6E46E	">mD;%"***\-
F6E46F	"/~{t"**+9*
F6E470	"<mD;%"***\-
F6E471	";mD;%"***\-
F6E472	":mD;%"***\-
F6E473	"9mD;%"***\-
F6E474	"8mD;%"***\-
F6E475	"7mD;%"***\-
F6E476	"6mD;%"***\-
F6E477	"5mD;%"***\-
F6E478	"0~{t"**+9*
F6E479	"3mD;%"***\-
F6E47A	"2mD;%"***\-
F6E47B	"1mD;%"***\-
F6E47C	"0mD;%"***\-
F6E47D	"/mD;%"***\-
F6E47E	".mD;%"***\-
F6E47F	"-mD;%"***\-
F6E480	"S@~I("*+**
F6E481	"yE3&"***9-
F6E482	"yE3&"***8-
F6E483	"yE3&"***7-
F6E484	"yE3&"***6-
F6E485	"yE3&"***5-
F6E486	"yE3&"***4-
F6E487	"yE3&"***3-
F6E488	"yE3&"***2-
F6E489	"yE3&"***1-
F6E48A	"yE3&"***
F6E48B	"yE3&"***1+
F6E48C	"yE3&"***2+
F6E48D	"yE3&"***3+
F6E48E	"yE3&"***4+
F6E48F	"yE3&"***5+
F6E490	"yE3&"***6+
F6E491	"yE3&"***7+
F6E492	"yE3&"***8+
F6E493	"yE3&"***9+
F6E494	"=kC=%"***\-
F6E495	"<kC=%"***\-
F6E496	";kC=%"***\-
F6E497	":kC=%"***\-
F6E498	"ta~ )"*+**
F6E499	"8kC=%"***\-
F6E49A	"7kC=%"***\-
F6E49B	"6kC=%"***\-
F6E49C	"4~{t"**+9*
F6E49D	"4kC=%"***\-
F6E49E	"3kC=%"***\-
F6E49F	"2kC=%"***\-
F6E4A0	"1kC=%"***\-
F6E4A1	"0kC=%"***\-
F6E4A2	"/kC=%"***\-
F6E4A3	"mD;%"***9-
F6E4A4	"|1~;+"*+**
F6E4A5	"mD;%"***7-
F6E4A6	"mD;%"***6-
F6E4A7	"mD;%"***5-
F6E4A8	"mD;%"***4-
F6E4A9	"mD;%"***3-
F6E4AA	"mD;%"***2-
F6E4AB	"mD;%"***1-
F6E4AC	"mD;%"***
F6E4AD	"mD;%"***1+
F6E4AE	"uu~ !"*+**
F6E4AF	"mD;%"***3+
F6E4B0	"mD;%"***4+
F6E4B1	"mD;%"***5+
F6E4B2	"mD;%"***6+
F6E4B3	"mD;%"***7+
F6E4B4	"mD;%"***8+
F6E4B5	"mD;%"***9+
F6E4B6	",IA>7"***\-
F6E4B7	"7~{t"**+9*
F6E4B8	"*IA>7"***\-
F6E4B9	")IA>7"***\-
F6E4BA	"(IA>7"***\-
F6E4BB	"'IA>7"***\-
F6E4BC	"&IA>7"***\-
F6E4BD	"%IA>7"***\-
F6E4BE	"$IA>7"***\-
F6E4BF	"#IA>7"***\-
F6E4C0	"8~{t"**+9*
F6E4C1	"!IA>7"***\-
F6E4C2	" IA>7"***\-
F6E4C3	"3qZ+%"***\-
F6E4C4	"2qZ+%"***\-
F6E4C5	"1qZ+%"***\-
F6E4C6	"0qZ+%"***\-
F6E4C7	"/qZ+%"***\-
F6E4C8	"kC=%"***9-
F6E4C9	"kC=%"***8-
F6E4CA	"kC=%"***7-
F6E4CB	"kC=%"***6-
F6E4CC	"kC=%"***5-
F6E4CD	"kC=%"***4-
F6E4CE	"kC=%"***3-
F6E4CF	"kC=%"***2-
F6E4D0	"kC=%"***1-
F6E4D1	"kC=%"***
F6E4D2	"W~y 0"**+*
F6E4D3	"kC=%"***2+
F6E4D4	"kC=%"***3+
F6E4D5	"kC=%"***4+
F6E4D6	"kC=%"***5+
F6E4D7	"kC=%"***6+
F6E4D8	"kC=%"***7+
F6E4D9	"kC=%"***8+
F6E4DA	"kC=%"***9+
F6E4DB	"IA>7"***7-
F6E4DC	"IA>7"***6-
F6E4DD	"IA>7"***5-
F6E4DE	"IA>7"***4-
F6E4DF	"IA>7"***3-
F6E4E0	"IA>7"***2-
F6E4E1	"IA>7"***1-
F6E4E2	"IA>7"***
F6E4E3	"IA>7"***1+
F6E4E4	"IA>7"***2+
F6E4E5	"IA>7"***3+
F6E4E6	"IA>7"***4+
F6E4E7	"IA>7"***5+
F6E4E8	"IA>7"***6+
F6E4E9	"IA>7"***7+
F6E4EA	"IA>7"***8+
F6E4EB	"IA>7"***9+
F6E4EC	"(sC<#"***\-
F6E4ED	"qZ+%"***9-
F6E4EE	"qZ+%"***8-
F6E4EF	"qZ+%"***7-
F6E4F0	"fO~}"+**8*
F6E4F1	"qZ+%"***5-
F6E4F2	"qZ+%"***4-
F6E4F3	"qZ+%"***3-
F6E4F4	"qZ+%"***2-
F6E4F5	"qZ+%"***1-
F6E4F6	"qZ+%"***
F6E4F7	"qZ+%"***1+
F6E4F8	"qZ+%"***2+
F6E4F9	"qZ+%"***3+
F6E4FA	"qZ+%"***4+
F6E4FB	"qZ+%"***5+
F6E4FC	"jg'&"***
F6E4FD	"qZ+%"***7+
F6E4FE	"qZ+%"***8+
F6E4FF	"qZ+%"***9+
F6E500	"P~U:)"**+*
F6E501	"jg'&"***5+
F6E502	"jg'&"***6+
F6E503	"jg'&"***7+
F6E504	"jg'&"***8+
F6E505	"jg'&"***9+
F6E506	"b)~S/"*+**
F6E507	"%IA>7"***+
F6E508	"&IA>7"***+
F6E509	"'IA>7"***+
F6E50A	"(IA>7"***+
F6E50B	"sC<#"***9-
F6E50C	"sC<#"***8-
F6E50D	"sC<#"***7-
F6E50E	"sC<#"***6-
F6E50F	"sC<#"***5-
F6E510	"sC<#"***4-
F6E511	"sC<#"***3-
F6E512	"sC<#"***2-
F6E513	"sC<#"***1-
F6E514	"sC<#"***
F6E515	"sC<#"***1+
F6E516	"sC<#"***2+
F6E517	"sC<#"***3+
F6E518	"sC<#"***4+
F6E519	"sC<#"***5+
F6E51A	"sC<#"***6+
F6E51B	"sC<#"***7+
F6E51C	"sC<#"***8+
F6E51D	"sC<#"***9+
F6E51E	"(qZ+%"***+
F6E51F	"#jg'&"***+
F6E520	"$jg'&"***+
F6E521	"%jg'&"***+
F6E522	"&jg'&"***+
F6E523	"'jg'&"***+
F6E524	"(jg'&"***+
F6E525	")jg'&"***+
F6E526	"*jg'&"***+
F6E527	"+jg'&"***+
F6E528	",jg'&"***+
F6E529	"-jg'&"***+
F6E52A	".jg'&"***+
F6E52B	"/jg'&"***+
F6E52C	"0jg'&"***+
F6E52D	"1jg'&"***+
F6E52E	"2jg'&"***+
F6E52F	"3jg'&"***+
F6E530	"4jg'&"***+
F6E531	"5jg'&"***+
F6E532	"6jg'&"***+
F6E533	"7jg'&"***+
F6E534	" sC<#"***+
F6E535	"!sC<#"***+
F6E536	":jg'&"***+
F6E537	"#sC<#"***+
F6E538	"$sC<#"***+
F6E539	"%sC<#"***+
F6E53A	"&sC<#"***+
F6E53B	"'sC<#"***+
F6E53C	"(sC<#"***+
F6E53D	")sC<#"***+
F6E53E	"*sC<#"***+
F6E53F	"+sC<#"***+
F6E540	",sC<#"***+
F6E541	"-sC<#"***+
F6E542	".sC<#"***+
F6E543	"/sC<#"***+
F6E544	"0sC<#"***+
F6E545	"1sC<#"***+
F6E546	"2sC<#"***+
F6E547	"3sC<#"***+
F6E548	"4sC<#"***+
F6E549	"5sC<#"***+
F6E54A	"6sC<#"***+
F6E54B	"7sC<#"***+
F6E54C	"8sC<#"***+
F6E54D	"9sC<#"***+
F6E54E	":sC<#"***+
F6E54F	"~kC=%"***+
F6E550	"xc~e"+**6*
F6E551	"=sC<#"***+
F6E552	">sC<#"***+
F6E553	"?sC<#"***+
F6E554	"@sC<#"***+
F6E555	"AsC<#"***+
F6E556	"BsC<#"***+
F6E557	"CsC<#"***+
F6E558	"DsC<#"***+
F6E559	"EsC<#"***+
F6E55A	"aF~=%"*+**
F6E55B	"GsC<#"***+
F6E55C	"HsC<#"***+
F6E55D	"IsC<#"***+
F6E55E	"JsC<#"***+
F6E55F	"KsC<#"***+
F6E560	"LsC<#"***+
F6E561	"MsC<#"***+
F6E562	"NsC<#"***+
F6E563	"OsC<#"***+
F6E564	"PsC<#"***+
F6E565	"QsC<#"***+
F6E566	"RsC<#"***+
F6E567	"SsC<#"***+
F6E568	"TsC<#"***+
F6E569	"UsC<#"***+
F6E56A	"VsC<#"***+
F6E56B	"WsC<#"***+
F6E56C	"XsC<#"***+
F6E56D	"YsC<#"***+
F6E56E	"ZsC<#"***+
F6E56F	"[sC<#"***+
F6E570	"\~}&%"**+*
F6E571	"]sC<#"***+
F6E572	"^sC<#"***+
F6E573	"_sC<#"***+
F6E574	"^I~>$"*+**
F6E575	"asC<#"***+
F6E576	"bsC<#"***+
F6E577	"++~}E"*+**
F6E578	"d~^+("**+*
F6E579	"esC<#"***+
F6E57A	"fsC<#"***+
F6E57B	"gsC<#"***+
F6E57C	"hsC<#"***+
F6E57D	"isC<#"***+
F6E57E	"jsC<#"***+
F6E57F	"ksC<#"***+
F6E580	"lsC<#"***+
F6E581	"msC<#"***+
F6E582	"~hD4,"***\-
F6E583	"}hD4,"***\-
F6E584	"|hD4,"***\-
F6E585	"{hD4,"***\-
F6E586	"m6~=+"*+**
F6E587	"yhD4,"***\-
F6E588	"xhD4,"***\-
F6E589	"whD4,"***\-
F6E58A	"vhD4,"***\-
F6E58B	"uhD4,"***\-
F6E58C	"thD4,"***\-
F6E58D	"shD4,"***\-
F6E58E	"rhD4,"***\-
F6E58F	"O~{t"**+9*
F6E590	"phD4,"***\-
F6E591	"ohD4,"***\-
F6E592	"M~o,+"**+*
F6E593	"mhD4,"***\-
F6E594	"lhD4,"***\-
F6E595	"khD4,"***\-
F6E596	"jhD4,"***\-
F6E597	"ihD4,"***\-
F6E598	"P~{t"**+9*
F6E599	"1~aS)"**+*
F6E59A	"fhD4,"***\-
F6E59B	"ehD4,"***\-
F6E59C	"dhD4,"***\-
F6E59D	"chD4,"***\-
F6E59E	"bhD4,"***\-
F6E59F	"ahD4,"***\-
F6E5A0	"`hD4,"***\-
F6E5A1	"Q~{t"**+9*
F6E5A2	"^hD4,"***\-
F6E5A3	"]hD4,"***\-
F6E5A4	"\hD4,"***\-
F6E5A5	"[hD4,"***\-
F6E5A6	"ZhD4,"***\-
F6E5A7	"YhD4,"***\-
F6E5A8	"XhD4,"***\-
F6E5A9	"WhD4,"***\-
F6E5AA	"{K~,%"*+**
F6E5AB	"UhD4,"***\-
F6E5AC	"ThD4,"***\-
F6E5AD	"ShD4,"***\-
F6E5AE	"RhD4,"***\-
F6E5AF	"QhD4,"***\-
F6E5B0	"PhD4,"***\-
F6E5B1	"OhD4,"***\-
F6E5B2	"NhD4,"***\-
F6E5B3	"S~{t"**+9*
F6E5B4	"LhD4,"***\-
F6E5B5	"KhD4,"***\-
F6E5B6	"JhD4,"***\-
F6E5B7	"IhD4,"***\-
F6E5B8	"HhD4,"***\-
F6E5B9	"GhD4,"***\-
F6E5BA	"FhD4,"***\-
F6E5BB	"a~U5%"**+*
F6E5BC	"T~{t"**+9*
F6E5BD	"ChD4,"***\-
F6E5BE	"BhD4,"***\-
F6E5BF	"AhD4,"***\-
F6E5C0	"@hD4,"***\-
F6E5C1	"?hD4,"***\-
F6E5C2	">hD4,"***\-
F6E5C3	"=hD4,"***\-
F6E5C4	"<hD4,"***\-
F6E5C5	"U~{t"**+9*
F6E5C6	":hD4,"***\-
F6E5C7	"9hD4,"***\-
F6E5C8	"8hD4,"***\-
F6E5C9	"7hD4,"***\-
F6E5CA	"gb~g"+**7*
F6E5CB	"5hD4,"***\-
F6E5CC	"4hD4,"***\-
F6E5CD	"_+~A;"*+**
F6E5CE	"V~{t"**+9*
F6E5CF	"1hD4,"***\-
F6E5D0	"0hD4,"***\-
F6E5D1	"/hD4,"***\-
F6E5D2	".hD4,"***\-
F6E5D3	"-hD4,"***\-
F6E5D4	",hD4,"***\-
F6E5D5	"+hD4,"***\-
F6E5D6	"*hD4,"***\-
F6E5D7	"W~{t"**+9*
F6E5D8	"(hD4,"***\-
F6E5D9	"'hD4,"***\-
F6E5DA	"&hD4,"***\-
F6E5DB	"%hD4,"***\-
F6E5DC	"$hD4,"***\-
F6E5DD	"#hD4,"***\-
F6E5DE	"NOML#"***\-
F6E5DF	"!hD4,"***\-
F6E5E0	"X~{t"**+9*
F6E5E1	"KOML#"***\-
F6E5E2	"JOML#"***\-
F6E5E3	"IOML#"***\-
F6E5E4	"HOML#"***\-
F6E5E5	"GOML#"***\-
F6E5E6	"FOML#"***\-
F6E5E7	"EOML#"***\-
F6E5E8	"DOML#"***\-
F6E5E9	"Y~{t"**+9*
F6E5EA	"BOML#"***\-
F6E5EB	"AOML#"***\-
F6E5EC	"@OML#"***\-
F6E5ED	"?OML#"***\-
F6E5EE	">OML#"***\-
F6E5EF	"=OML#"***\-
F6E5F0	"<OML#"***\-
F6E5F1	";OML#"***\-
F6E5F2	"Z~{t"**+9*
F6E5F3	"9OML#"***\-
F6E5F4	"8OML#"***\-
F6E5F5	"7OML#"***\-
F6E5F6	"6OML#"***\-
F6E5F7	"hD4,"***9-
F6E5F8	"hD4,"***8-
F6E5F9	"hD4,"***7-
F6E5FA	"hD4,"***6-
F6E5FB	"hD4,"***5-
F6E5FC	"hD4,"***4-
F6E5FD	"hD4,"***3-
F6E5FE	"hD4,"***2-
F6E5FF	"hD4,"***1-
F6E600	"hD4,"***
F6E601	"hD4,"***1+
F6E602	"hD4,"***2+
F6E603	"hD4,"***3+
F6E604	"hD4,"***4+
F6E605	"hD4,"***5+
F6E606	"hD4,"***6+
F6E607	"hD4,"***7+
F6E608	"hD4,"***8+
F6E609	"hD4,"***9+
F6E60A	"^tA:%"***\-
F6E60B	"!OML#"***\-
F6E60C	" OML#"***\-
F6E60D	"u~O5!"**+*
F6E60E	"ZtA:%"***\-
F6E60F	"YtA:%"***\-
F6E610	"XtA:%"***\-
F6E611	"WtA:%"***\-
F6E612	"VtA:%"***\-
F6E613	"UtA:%"***\-
F6E614	"TtA:%"***\-
F6E615	"StA:%"***\-
F6E616	"cG~ D"*+**
F6E617	"QtA:%"***\-
F6E618	"PtA:%"***\-
F6E619	"OtA:%"***\-
F6E61A	"NtA:%"***\-
F6E61B	"MtA:%"***\-
F6E61C	"LtA:%"***\-
F6E61D	"KtA:%"***\-
F6E61E	"JtA:%"***\-
F6E61F	"_~{t"**+9*
F6E620	"HtA:%"***\-
F6E621	"GtA:%"***\-
F6E622	"FtA:%"***\-
F6E623	"OML#"***9-
F6E624	"OML#"***8-
F6E625	"OML#"***7-
F6E626	"OML#"***6-
F6E627	"OML#"***5-
F6E628	"OML#"***4-
F6E629	"OML#"***3-
F6E62A	"OML#"***2-
F6E62B	"OML#"***1-
F6E62C	"OML#"***
F6E62D	"OML#"***1+
F6E62E	"OML#"***2+
F6E62F	"OML#"***3+
F6E630	"OML#"***4+
F6E631	"OML#"***5+
F6E632	"OML#"***6+
F6E633	"OML#"***7+
F6E634	"N~IG("**+*
F6E635	"OML#"***9+
F6E636	"2tA:%"***\-
F6E637	"1tA:%"***\-
F6E638	"0tA:%"***\-
F6E639	"/tA:%"***\-
F6E63A	"b~{t"**+9*
F6E63B	"-tA:%"***\-
F6E63C	",tA:%"***\-
F6E63D	"+tA:%"***\-
F6E63E	"*tA:%"***\-
F6E63F	")tA:%"***\-
F6E640	"x(~;7"*+**
F6E641	"'tA:%"***\-
F6E642	"&tA:%"***\-
F6E643	"c~{t"**+9*
F6E644	"$tA:%"***\-
F6E645	"#tA:%"***\-
F6E646	"^jG2+"***\-
F6E647	"!tA:%"***\-
F6E648	" tA:%"***\-
F6E649	"q;~;'"*+**
F6E64A	"ZjG2+"***\-
F6E64B	"YjG2+"***\-
F6E64C	"d~{t"**+9*
F6E64D	"WjG2+"***\-
F6E64E	"VjG2+"***\-
F6E64F	"UjG2+"***\-
F6E650	"TjG2+"***\-
F6E651	"SjG2+"***\-
F6E652	"RjG2+"***\-
F6E653	"QjG2+"***\-
F6E654	"PjG2+"***\-
F6E655	"33~s5"*+**
F6E656	"NjG2+"***\-
F6E657	"MjG2+"***\-
F6E658	"LjG2+"***\-
F6E659	"KjG2+"***\-
F6E65A	"JjG2+"***\-
F6E65B	"IjG2+"***\-
F6E65C	"HjG2+"***\-
F6E65D	"GjG2+"***\-
F6E65E	"f~{t"**+9*
F6E65F	"tA:%"***9-
F6E660	"tA:%"***8-
F6E661	"tA:%"***7-
F6E662	"tA:%"***6-
F6E663	"tA:%"***5-
F6E664	"tA:%"***4-
F6E665	"tA:%"***3-
F6E666	"tA:%"***2-
F6E667	"tA:%"***1-
F6E668	"tA:%"***
F6E669	"tA:%"***1+
F6E66A	"tA:%"***2+
F6E66B	"tA:%"***3+
F6E66C	"tA:%"***4+
F6E66D	"tA:%"***5+
F6E66E	"tA:%"***6+
F6E66F	"tA:%"***7+
F6E670	"tA:%"***8+
F6E671	"tA:%"***9+
F6E672	"2jG2+"***\-
F6E673	"1jG2+"***\-
F6E674	"0jG2+"***\-
F6E675	"/jG2+"***\-
F6E676	".jG2+"***\-
F6E677	"-jG2+"***\-
F6E678	",jG2+"***\-
F6E679	"c+~i#"*+**
F6E67A	"*jG2+"***\-
F6E67B	")jG2+"***\-
F6E67C	"(jG2+"***\-
F6E67D	"'jG2+"***\-
F6E67E	"&jG2+"***\-
F6E67F	"%jG2+"***\-
F6E680	"$jG2+"***\-
F6E681	"#jG2+"***\-
F6E682	"VOML#"***+
F6E683	"!jG2+"***\-
F6E684	" jG2+"***\-
F6E685	"YOML#"***+
F6E686	"ZOML#"***+
F6E687	"[OML#"***+
F6E688	" tA:%"***+
F6E689	"!tA:%"***+
F6E68A	"^OML#"***+
F6E68B	"}9~A!"*+**
F6E68C	"$tA:%"***+
F6E68D	"%tA:%"***+
F6E68E	"&tA:%"***+
F6E68F	"'tA:%"***+
F6E690	"(tA:%"***+
F6E691	")tA:%"***+
F6E692	"~eD>&"***\-
F6E693	"}eD>&"***\-
F6E694	"|Q~-!"*+**
F6E695	"{eD>&"***\-
F6E696	"zeD>&"***\-
F6E697	"yeD>&"***\-
F6E698	"xeD>&"***\-
F6E699	"weD>&"***\-
F6E69A	"veD>&"***\-
F6E69B	"jG2+"***9-
F6E69C	"jG2+"***8-
F6E69D	"jG2+"***7-
F6E69E	"jG2+"***6-
F6E69F	"jG2+"***5-
F6E6A0	"jG2+"***4-
F6E6A1	"jG2+"***3-
F6E6A2	"jG2+"***2-
F6E6A3	"jG2+"***1-
F6E6A4	"jG2+"***
F6E6A5	"jG2+"***1+
F6E6A6	"jG2+"***2+
F6E6A7	"jG2+"***3+
F6E6A8	"jG2+"***4+
F6E6A9	"jG2+"***5+
F6E6AA	"jG2+"***6+
F6E6AB	"jG2+"***7+
F6E6AC	"jG2+"***8+
F6E6AD	"jG2+"***9+
F6E6AE	"beD>&"***\-
F6E6AF	"aeD>&"***\-
F6E6B0	"`eD>&"***\-
F6E6B1	"_eD>&"***\-
F6E6B2	"^eD>&"***\-
F6E6B3	"]eD>&"***\-
F6E6B4	"\eD>&"***\-
F6E6B5	"[eD>&"***\-
F6E6B6	"ZeD>&"***\-
F6E6B7	"YeD>&"***\-
F6E6B8	"XeD>&"***\-
F6E6B9	"WeD>&"***\-
F6E6BA	"VeD>&"***\-
F6E6BB	"UeD>&"***\-
F6E6BC	"TeD>&"***\-
F6E6BD	"SeD>&"***\-
F6E6BE	"ReD>&"***\-
F6E6BF	"QeD>&"***\-
F6E6C0	"PeD>&"***\-
F6E6C1	"OeD>&"***\-
F6E6C2	"NeD>&"***\-
F6E6C3	"MeD>&"***\-
F6E6C4	"LeD>&"***\-
F6E6C5	"KeD>&"***\-
F6E6C6	"JeD>&"***\-
F6E6C7	"IeD>&"***\-
F6E6C8	"HeD>&"***\-
F6E6C9	"GeD>&"***\-
F6E6CA	"FeD>&"***\-
F6E6CB	"EeD>&"***\-
F6E6CC	"DeD>&"***\-
F6E6CD	"CeD>&"***\-
F6E6CE	"BeD>&"***\-
F6E6CF	"AeD>&"***\-
F6E6D0	"@eD>&"***\-
F6E6D1	"?eD>&"***\-
F6E6D2	">eD>&"***\-
F6E6D3	"=eD>&"***\-
F6E6D4	"<eD>&"***\-
F6E6D5	";eD>&"***\-
F6E6D6	":eD>&"***\-
F6E6D7	"%~qI5"**+*
F6E6D8	"8eD>&"***\-
F6E6D9	"7eD>&"***\-
F6E6DA	"6eD>&"***\-
F6E6DB	"5eD>&"***\-
F6E6DC	"4eD>&"***\-
F6E6DD	"3eD>&"***\-
F6E6DE	"2eD>&"***\-
F6E6DF	"1eD>&"***\-
F6E6E0	"0eD>&"***\-
F6E6E1	"/eD>&"***\-
F6E6E2	".eD>&"***\-
F6E6E3	"-eD>&"***\-
F6E6E4	",eD>&"***\-
F6E6E5	"+eD>&"***\-
F6E6E6	"*eD>&"***\-
F6E6E7	")eD>&"***\-
F6E6E8	"(eD>&"***\-
F6E6E9	"'eD>&"***\-
F6E6EA	"_~s(%"**+*
F6E6EB	"%eD>&"***\-
F6E6EC	"$eD>&"***\-
F6E6ED	"#eD>&"***\-
F6E6EE	"3wo##"***\-
F6E6EF	"!eD>&"***\-
F6E6F0	" eD>&"***\-
F6E6F1	"0wo##"***\-
F6E6F2	"/wo##"***\-
F6E6F3	".wo##"***\-
F6E6F4	"-wo##"***\-
F6E6F5	",wo##"***\-
F6E6F6	"+wo##"***\-
F6E6F7	"*wo##"***\-
F6E6F8	")wo##"***\-
F6E6F9	"(wo##"***\-
F6E6FA	"'wo##"***\-
F6E6FB	"&wo##"***\-
F6E6FC	"%wo##"***\-
F6E6FD	"$wo##"***\-
F6E6FE	"#wo##"***\-
F6E6FF	"[jG2+"***+
F6E700	"!wo##"***\-
F6E701	" wo##"***\-
F6E702	"^jG2+"***+
F6E703	"_jG2+"***+
F6E704	"`jG2+"***+
F6E705	"ajG2+"***+
F6E706	"bjG2+"***+
F6E707	"eD>&"***9-
F6E708	"eD>&"***8-
F6E709	"eD>&"***7-
F6E70A	"eD>&"***6-
F6E70B	"eD>&"***5-
F6E70C	"eD>&"***4-
F6E70D	"eD>&"***3-
F6E70E	"eD>&"***2-
F6E70F	"eD>&"***1-
F6E710	"eD>&"***
F6E711	"eD>&"***1+
F6E712	"eD>&"***2+
F6E713	"eD>&"***3+
F6E714	"eD>&"***4+
F6E715	"eD>&"***5+
F6E716	"eD>&"***6+
F6E717	"eD>&"***7+
F6E718	"wo##"***9-
F6E719	"wo##"***8-
F6E71A	"wo##"***7-
F6E71B	"{/~Q!"*+**
F6E71C	"wo##"***5-
F6E71D	"wo##"***4-
F6E71E	"wo##"***3-
F6E71F	"wo##"***2-
F6E720	"wo##"***1-
F6E721	"wo##"***
F6E722	"wo##"***1+
F6E723	"wo##"***2+
F6E724	"wo##"***3+
F6E725	"wo##"***4+
F6E726	"wo##"***5+
F6E727	"wo##"***6+
F6E728	"wo##"***7+
F6E729	"wo##"***8+
F6E72A	"wo##"***9+
F6E72B	"wo##"***1+9+
F6E72C	"wo##"***2+9+
F6E72D	"k}|t"**\-9*
F6E72E	"wo##"***4+9+
F6E72F	"~[=75"***\-
F6E730	"}[=75"***\-
F6E731	"|[=75"***\-
F6E732	"{[=75"***\-
F6E733	"W=~O%"*+**
F6E734	"y[=75"***\-
F6E735	"x[=75"***\-
F6E736	"w[=75"***\-
F6E737	"v[=75"***\-
F6E738	"u[=75"***\-
F6E739	"t[=75"***\-
F6E73A	"s[=75"***\-
F6E73B	"r[=75"***\-
F6E73C	"q[=75"***\-
F6E73D	"p[=75"***\-
F6E73E	"o[=75"***\-
F6E73F	"n[=75"***\-
F6E740	"m[=75"***\-
F6E741	"l[=75"***\-
F6E742	"k[=75"***\-
F6E743	"j[=75"***\-
F6E744	"i[=75"***\-
F6E745	"h[=75"***\-
F6E746	"g[=75"***\-
F6E747	"f[=75"***\-
F6E748	"e[=75"***\-
F6E749	"d[=75"***\-
F6E74A	"c[=75"***\-
F6E74B	"b[=75"***\-
F6E74C	"a[=75"***\-
F6E74D	"`[=75"***\-
F6E74E	"_[=75"***\-
F6E74F	"^[=75"***\-
F6E750	"][=75"***\-
F6E751	"\[=75"***\-
F6E752	"[[=75"***\-
F6E753	"Z[=75"***\-
F6E754	"Y[=75"***\-
F6E755	"X[=75"***\-
F6E756	"W[=75"***\-
F6E757	"V[=75"***\-
F6E758	"U[=75"***\-
F6E759	"T[=75"***\-
F6E75A	"S[=75"***\-
F6E75B	"R[=75"***\-
F6E75C	"Q[=75"***\-
F6E75D	"P[=75"***\-
F6E75E	"O[=75"***\-
F6E75F	"N[=75"***\-
F6E760	"yp~I"+**6*
F6E761	"L[=75"***\-
F6E762	"K[=75"***\-
F6E763	"J[=75"***\-
F6E764	"I[=75"***\-
F6E765	"H[=75"***\-
F6E766	"G[=75"***\-
F6E767	"F[=75"***\-
F6E768	"E[=75"***\-
F6E769	"D[=75"***\-
F6E76A	"C[=75"***\-
F6E76B	"B[=75"***\-
F6E76C	"A[=75"***\-
F6E76D	"@[=75"***\-
F6E76E	"?[=75"***\-
F6E76F	">[=75"***\-
F6E770	"=[=75"***\-
F6E771	"<[=75"***\-
F6E772	";[=75"***\-
F6E773	":[=75"***\-
F6E774	"9[=75"***\-
F6E775	"8[=75"***\-
F6E776	"7[=75"***\-
F6E777	"6[=75"***\-
F6E778	"5[=75"***\-
F6E779	"4[=75"***\-
F6E77A	"3[=75"***\-
F6E77B	"2[=75"***\-
F6E77C	"1[=75"***\-
F6E77D	"0[=75"***\-
F6E77E	"/[=75"***\-
F6E77F	".[=75"***\-
F6E780	"-[=75"***\-
F6E781	",[=75"***\-
F6E782	"+[=75"***\-
F6E783	"*[=75"***\-
F6E784	")[=75"***\-
F6E785	"([=75"***\-
F6E786	"'[=75"***\-
F6E787	"&[=75"***\-
F6E788	"%[=75"***\-
F6E789	"$[=75"***\-
F6E78A	"#[=75"***\-
F6E78B	"jwo##"***+
F6E78C	"![=75"***\-
F6E78D	" [=75"***\-
F6E78E	"mwo##"***+
F6E78F	"nwo##"***+
F6E790	"o0~G)"*+**
F6E791	"pwo##"***+
F6E792	"qwo##"***+
F6E793	"rwo##"***+
F6E794	"swo##"***+
F6E795	"two##"***+
F6E796	"uwo##"***+
F6E797	"vwo##"***+
F6E798	"wwo##"***+
F6E799	"xwo##"***+
F6E79A	"ywo##"***+
F6E79B	"zwo##"***+
F6E79C	"{wo##"***+
F6E79D	"|wo##"***+
F6E79E	"}wo##"***+
F6E79F	"~wo##"***+
F6E7A0	"~wo##"***+1+
F6E7A1	"~wo##"***+2+
F6E7A2	"^}|t"**\-9*
F6E7A3	"~wo##"***+4+
F6E7A4	"[=75"***9-
F6E7A5	"[=75"***8-
F6E7A6	"[=75"***7-
F6E7A7	"[=75"***6-
F6E7A8	"[=75"***5-
F6E7A9	"[=75"***4-
F6E7AA	"[=75"***3-
F6E7AB	"[=75"***2-
F6E7AC	"[=75"***1-
F6E7AD	"[=75"***
F6E7AE	"[=75"***1+
F6E7AF	"[=75"***2+
F6E7B0	"[=75"***3+
F6E7B1	"[=75"***4+
F6E7B2	"[=75"***5+
F6E7B3	"[=75"***6+
F6E7B4	"[=75"***7+
F6E7B5	"[=75"***8+
F6E7B6	"[=75"***9+
F6E7B7	"OK~~C%"*++**
F6E7B8	"[=75"***2+9+
F6E7B9	"[=75"***3+9+
F6E7BA	"[=75"***4+9+
F6E7BB	"[=75"***5+9+
F6E7BC	"I~~XD%"**++*
F6E7BD	"[}|t"**\-9*
F6E7BE	"kS~ 5"*+**
F6E7BF	")~Y~I;"*+*+*
F6E7C0	"kS~ 5"*+**2+
F6E7C1	"kS~ 5"*+**3+
F6E7C2	"kS~ 5"*+**4+
F6E7C3	"kS~ 5"*+**5+
F6E7C4	"kS~ 5"*+**6+
F6E7C5	"kS~ 5"*+**7+
F6E7C6	"Z}|t"**\-9*
F6E7C7	"kS~ 5"*+**9+
F6E7C8	"][~q"+**8-8*
F6E7C9	"|N~q"+**9-7*
F6E7CA	" [=75"***+3-
F6E7CB	" [=75"***+2-
F6E7CC	" [=75"***+1-
F6E7CD	" [=75"***+
F6E7CE	"![=75"***+
F6E7CF	"Y}|t"**\-9*
F6E7D0	"#[=75"***+
F6E7D1	"$[=75"***+
F6E7D2	"%[=75"***+
F6E7D3	"&[=75"***+
F6E7D4	"'[=75"***+
F6E7D5	"([=75"***+
F6E7D6	")[=75"***+
F6E7D7	"*[=75"***+
F6E7D8	"+[=75"***+
F6E7D9	",[=75"***+
F6E7DA	"-[=75"***+
F6E7DB	".[=75"***+
F6E7DC	"/[=75"***+
F6E7DD	"0[=75"***+
F6E7DE	"1[=75"***+
F6E7DF	"2[=75"***+
F6E7E0	"3[=75"***+
F6E7E1	"4[=75"***+
F6E7E2	"5[=75"***+
F6E7E3	"6[=75"***+
F6E7E4	"7[=75"***+
F6E7E5	"8[=75"***+
F6E7E6	"~SD=/"***\-
F6E7E7	"}SD=/"***\-
F6E7E8	"|SD=/"***\-
F6E7E9	"{SD=/"***\-
F6E7EA	"zSD=/"***\-
F6E7EB	"ySD=/"***\-
F6E7EC	"xSD=/"***\-
F6E7ED	"wSD=/"***\-
F6E7EE	"vSD=/"***\-
F6E7EF	"uSD=/"***\-
F6E7F0	"tSD=/"***\-
F6E7F1	"sSD=/"***\-
F6E7F2	"rSD=/"***\-
F6E7F3	"qSD=/"***\-
F6E7F4	"pSD=/"***\-
F6E7F5	"oSD=/"***\-
F6E7F6	"nSD=/"***\-
F6E7F7	"mSD=/"***\-
F6E7F8	"lSD=/"***\-
F6E7F9	"kSD=/"***\-
F6E7FA	"jSD=/"***\-
F6E7FB	"iSD=/"***\-
F6E7FC	"hSD=/"***\-
F6E7FD	"gSD=/"***\-
F6E7FE	"fSD=/"***\-
F6E7FF	"eSD=/"***\-
