95D800	"pPh!"+**8*
95D801	"gj5.&"***\-
95D802	"fj5.&"***\-
95D803	"ej5.&"***\-
95D804	"dj5.&"***\-
95D805	"~q/++"***+
95D806	"bj5.&"***\-
95D807	"aj5.&"***\-
95D808	"`j5.&"***\-
95D809	"_j5.&"***\-
95D80A	"^j5.&"***\-
95D80B	"]j5.&"***\-
95D80C	"\j5.&"***\-
95D80D	"[j5.&"***\-
95D80E	"Zj5.&"***\-
95D80F	"Yj5.&"***\-
95D810	"Xj5.&"***\-
95D811	"Wj5.&"***\-
95D812	"Vj5.&"***\-
95D813	"Uj5.&"***\-
95D814	"Tj5.&"***\-
95D815	"Sj5.&"***\-
95D816	"Rj5.&"***\-
95D817	"Qj5.&"***\-
95D818	"Pj5.&"***\-
95D819	"Oj5.&"***\-
95D81A	"Nj5.&"***\-
95D81B	"Mj5.&"***\-
95D81C	"~&~7#"*+**
95D81D	"Kj5.&"***\-
95D81E	"Jj5.&"***\-
95D81F	"Ij5.&"***\-
95D820	"Hj5.&"***\-
95D821	"Gj5.&"***\-
95D822	"Fj5.&"***\-
95D823	"Ej5.&"***\-
95D824	"Dj5.&"***\-
95D825	"Cj5.&"***\-
95D826	"Bj5.&"***\-
95D827	"Aj5.&"***\-
95D828	"@j5.&"***\-
95D829	"?j5.&"***\-
95D82A	">j5.&"***\-
95D82B	"=j5.&"***\-
95D82C	"<j5.&"***\-
95D82D	";j5.&"***\-
95D82E	":j5.&"***\-
95D82F	"=%~AA"*+**
95D830	"8j5.&"***\-
95D831	"7j5.&"***\-
95D832	"6j5.&"***\-
95D833	"5+~Y/"*+**
95D834	"4j5.&"***\-
95D835	"3j5.&"***\-
95D836	"2j5.&"***\-
95D837	"1j5.&"***\-
95D838	"0j5.&"***\-
95D839	"/j5.&"***\-
95D83A	".j5.&"***\-
95D83B	"-j5.&"***\-
95D83C	",j5.&"***\-
95D83D	"+j5.&"***\-
95D83E	"*j5.&"***\-
95D83F	")j5.&"***\-
95D840	"(j5.&"***\-
95D841	"'j5.&"***\-
95D842	"&j5.&"***\-
95D843	"%j5.&"***\-
95D844	"$j5.&"***\-
95D845	"#j5.&"***\-
95D846	"e~|o"*+*7*
95D847	"!j5.&"***\-
95D848	"#zuV"**\-8*
95D849	"{w..'"***\-
95D84A	"zw..'"***\-
95D84B	"yw..'"***\-
95D84C	"xw..'"***\-
95D84D	"w~mk"*+*7*
95D84E	"vw..'"***\-
95D84F	"uw..'"***\-
95D850	"tw..'"***\-
95D851	"sw..'"***\-
95D852	"rw..'"***\-
95D853	"qw..'"***\-
95D854	"pw..'"***\-
95D855	"ow..'"***\-
95D856	"nw..'"***\-
95D857	"mw..'"***\-
95D858	"lw..'"***\-
95D859	"kw..'"***\-
95D85A	"jw..'"***\-
95D85B	"iw..'"***\-
95D85C	"hw..'"***\-
95D85D	"gw..'"***\-
95D85E	"fw..'"***\-
95D85F	"j5.&"***9-
95D860	"j5.&"***8-
95D861	"j5.&"***7-
95D862	"j5.&"***6-
95D863	"j5.&"***5-
95D864	"j5.&"***4-
95D865	"j5.&"***3-
95D866	"j5.&"***2-
95D867	"j5.&"***1-
95D868	"j5.&"***
95D869	"q[~A"+**5*
95D86A	"j5.&"***2+
95D86B	"j5.&"***3+
95D86C	"j5.&"***4+
95D86D	"j5.&"***5+
95D86E	"j5.&"***6+
95D86F	"j5.&"***7+
95D870	"j5.&"***8+
95D871	"j5.&"***9+
95D872	"Rw..'"***\-
95D873	"Qw..'"***\-
95D874	"Pw..'"***\-
95D875	"Ow..'"***\-
95D876	"u~sP"*+*9*
95D877	"Mw..'"***\-
95D878	"a(~A%"*+**
95D879	"Kw..'"***\-
95D87A	"Jw..'"***\-
95D87B	"Iw..'"***\-
95D87C	"Hw..'"***\-
95D87D	"Gw..'"***\-
95D87E	"Fw..'"***\-
95D87F	"Ew..'"***\-
95D880	"D ~k)"*+**
95D881	"Cw..'"***\-
95D882	"Bw..'"***\-
95D883	"Aw..'"***\-
95D884	"@w..'"***\-
95D885	"?w..'"***\-
95D886	">w..'"***\-
95D887	"=w..'"***\-
95D888	"<w..'"***\-
95D889	";w..'"***\-
95D88A	":w..'"***\-
95D88B	"9w..'"***\-
95D88C	"8w..'"***\-
95D88D	"7w..'"***\-
95D88E	"6w..'"***\-
95D88F	"5w..'"***\-
95D890	"4w..'"***\-
95D891	"3w..'"***\-
95D892	"2w..'"***\-
95D893	"1w..'"***\-
95D894	"0w..'"***\-
95D895	"/w..'"***\-
95D896	".w..'"***\-
95D897	"-w..'"***\-
95D898	",w..'"***\-
95D899	"+w..'"***\-
95D89A	"*w..'"***\-
95D89B	")w..'"***\-
95D89C	"(w..'"***\-
95D89D	"5'~}%"*+**
95D89E	"&w..'"***\-
95D89F	"%w..'"***\-
95D8A0	"$w..'"***\-
95D8A1	"#w..'"***\-
95D8A2	":j5.&"***+
95D8A3	"!w..'"***\-
95D8A4	" w..'"***\-
95D8A5	"=j5.&"***+
95D8A6	">j5.&"***+
95D8A7	"?j5.&"***+
95D8A8	"@j5.&"***+
95D8A9	"Aj5.&"***+
95D8AA	"Bj5.&"***+
95D8AB	"Cj5.&"***+
95D8AC	"Dj5.&"***+
95D8AD	"Ej5.&"***+
95D8AE	"Fj5.&"***+
95D8AF	"Gj5.&"***+
95D8B0	"Hj5.&"***+
95D8B1	"Ij5.&"***+
95D8B2	"Jj5.&"***+
95D8B3	"Kj5.&"***+
95D8B4	"Lj5.&"***+
95D8B5	"Mj5.&"***+
95D8B6	"Nj5.&"***+
95D8B7	"Oj5.&"***+
95D8B8	"Pj5.&"***+
95D8B9	"Qj5.&"***+
95D8BA	"Rj5.&"***+
95D8BB	"w..'"***9-
95D8BC	"w..'"***8-
95D8BD	"w..'"***7-
95D8BE	"w..'"***6-
95D8BF	"w..'"***5-
95D8C0	"w..'"***4-
95D8C1	"w..'"***3-
95D8C2	"w..'"***2-
95D8C3	"w..'"***1-
95D8C4	"w..'"***
95D8C5	"w..'"***1+
95D8C6	"w..'"***2+
95D8C7	"w..'"***3+
95D8C8	"vge"**9-8*
95D8C9	"w..'"***5+
95D8CA	"w..'"***6+
95D8CB	"w..'"***7+
95D8CC	"w..'"***8+
95D8CD	"w..'"***9+
95D8CE	"fj5.&"***+
95D8CF	"gj5.&"***+
95D8D0	"vge"**8-8*
95D8D1	"ij5.&"***+
95D8D2	"jj5.&"***+
95D8D3	"kj5.&"***+
95D8D4	"lj5.&"***+
95D8D5	"mj5.&"***+
95D8D6	"nj5.&"***+
95D8D7	"oj5.&"***+
95D8D8	"vge"**7-8*
95D8D9	"qj5.&"***+
95D8DA	"rj5.&"***+
95D8DB	"sj5.&"***+
95D8DC	"tj5.&"***+
95D8DD	"uj5.&"***+
95D8DE	"vj5.&"***+
95D8DF	"wj5.&"***+
95D8E0	"p~|d"*+*7*
95D8E1	"yj5.&"***+
95D8E2	"E|xn"**\-6*
95D8E3	"}u=+ "***\-
95D8E4	"|u=+ "***\-
95D8E5	"{u=+ "***\-
95D8E6	"zu=+ "***\-
95D8E7	"W}z\"**\-7*
95D8E8	"vge"**5-8*
95D8E9	"wu=+ "***\-
95D8EA	"vu=+ "***\-
95D8EB	"-|nP"**\-9*
95D8EC	"tu=+ "***\-
95D8ED	"su=+ "***\-
95D8EE	"C|xn"**\-6*
95D8EF	"qu=+ "***\-
95D8F0	"vge"**4-8*
95D8F1	"ou=+ "***\-
95D8F2	"R)~A+"*+**
95D8F3	"mu=+ "***\-
95D8F4	"B|xn"**\-6*
95D8F5	"U}z\"**\-7*
95D8F6	"ju=+ "***\-
95D8F7	"iu=+ "***\-
95D8F8	"vge"**3-8*
95D8F9	"gu=+ "***\-
95D8FA	"A|xn"**\-6*
95D8FB	"eu=+ "***\-
95D8FC	"T}z\"**\-7*
95D8FD	"+|nP"**\-9*
95D8FE	"bu=+ "***\-
95D8FF	"au=+ "***\-
95D900	"vge"**2-8*
95D901	"_u=+ "***\-
95D902	"^u=+ "***\-
95D903	"S}z\"**\-7*
95D904	"\u=+ "***\-
95D905	"[u=+ "***\-
95D906	"?|xn"**\-6*
95D907	"vge"**8*9-
95D908	"vge"**1-8*
95D909	"vge"**8*7-
95D90A	"vge"**8*6-
95D90B	"vge"**8*5-
95D90C	"vge"**8*4-
95D90D	"vge"**8*3-
95D90E	"vge"**8*2-
95D90F	"zhV"**9-9*
95D910	"vge"**8*
95D911	"vge"**8*1+
95D912	"vge"**8*2+
95D913	"vge"**8*3+
95D914	"vge"**8*4+
95D915	"vge"**8*5+
95D916	"vge"**8*6+
95D917	"vge"**8*7+
95D918	"vge"**1+8*
95D919	"vge"**8*9+
95D91A	"Fu=+ "***\-
95D91B	"Eu=+ "***\-
95D91C	"Du=+ "***\-
95D91D	"Cu=+ "***\-
95D91E	";|xn"**\-6*
95D91F	"O}z\"**\-7*
95D920	"vge"**2+8*
95D921	"zhV"**7-9*
95D922	">u=+ "***\-
95D923	"=u=+ "***\-
95D924	":|xn"**\-6*
95D925	";u=+ "***\-
95D926	"N}z\"**\-7*
95D927	"9u=+ "***\-
95D928	"vge"**3+8*
95D929	"7u=+ "***\-
95D92A	"zhV"**6-9*
95D92B	"5u=+ "***\-
95D92C	"4u=+ "***\-
95D92D	"M}z\"**\-7*
95D92E	"2u=+ "***\-
95D92F	"1u=+ "***\-
95D930	"m~t`"*+*8*
95D931	"/u=+ "***\-
95D932	".u=+ "***\-
95D933	"zhV"**5-9*
95D934	"L}z\"**\-7*
95D935	"+u=+ "***\-
95D936	"7|xn"**\-6*
95D937	")u=+ "***\-
95D938	"vge"**5+8*
95D939	"'u=+ "***\-
95D93A	"&u=+ "***\-
95D93B	"K}z\"**\-7*
95D93C	"j~|R"*+*9*
95D93D	"#u=+ "***\-
95D93E	"/CA7)"***\-
95D93F	"!u=+ "***\-
95D940	"vge"**6+8*
95D941	",CA7)"***\-
95D942	"+CA7)"***\-
95D943	"*CA7)"***\-
95D944	")CA7)"***\-
95D945	"zhV"**3-9*
95D946	"'CA7)"***\-
95D947	"&CA7)"***\-
95D948	"vge"**7+8*
95D949	"$CA7)"***\-
95D94A	"#CA7)"***\-
95D94B	"ES:3("***\-
95D94C	"!CA7)"***\-
95D94D	" CA7)"***\-
95D94E	"zhV"**2-9*
95D94F	"AS:3("***\-
95D950	"vge"**8+8*
95D951	"?S:3("***\-
95D952	">S:3("***\-
95D953	"=S:3("***\-
95D954	"<S:3("***\-
95D955	";S:3("***\-
95D956	":S:3("***\-
95D957	"zhV"**1-9*
95D958	"vge"**9+8*
95D959	"zuV"**8*7-
95D95A	"zuV"**8*6-
95D95B	"zuV"**8*5-
95D95C	"zuV"**8*4-
95D95D	"zuV"**8*3-
95D95E	"zuV"**8*2-
95D95F	"zuV"**8*1-
95D960	"zuV"**8*
95D961	"zuV"**8*1+
95D962	"zuV"**8*2+
95D963	"zuV"**8*3+
95D964	"CA7)"***9-
95D965	"CA7)"***8-
95D966	"CA7)"***7-
95D967	"CA7)"***6-
95D968	"CA7)"***5-
95D969	"CA7)"***4-
95D96A	"CA7)"***3-
95D96B	"CA7)"***2-
95D96C	"CA7)"***1-
95D96D	"CA7)"***
95D96E	"CA7)"***1+
95D96F	"CA7)"***2+
95D970	"CA7)"***3+
95D971	"CA7)"***4+
95D972	"CA7)"***5+
95D973	"CA7)"***6+
95D974	"CA7)"***7+
95D975	"CA7)"***8+
95D976	"CA7)"***9+
95D977	"CA7)"***1+9+
95D978	"zuV"**3+8*
95D979	"CA7)"***3+9+
95D97A	"B}z\"**\-7*
95D97B	"zhV"**3+9*
95D97C	"CA7)"***6+9+
95D97D	"CA7)"***7+9+
95D97E	"~a;4!"***\-
95D97F	"}a;4!"***\-
95D980	"I@~4&"*+**
95D981	"{a;4!"***\-
95D982	"za;4!"***\-
95D983	"ya;4!"***\-
95D984	"zhV"**4+9*
95D985	"wa;4!"***\-
95D986	"va;4!"***\-
95D987	"S:3("***9-
95D988	"zuV"**5+8*
95D989	"S:3("***7-
95D98A	"S:3("***6-
95D98B	"S:3("***5-
95D98C	"S:3("***4-
95D98D	"zhV"**5+9*
95D98E	"S:3("***2-
95D98F	"S:3("***1-
95D990	"S:3("***
95D991	"S:3("***1+
95D992	"S:3("***2+
95D993	"S:3("***3+
95D994	"S:3("***4+
95D995	"S:3("***5+
95D996	"{~x^"*+*7*
95D997	"S:3("***7+
95D998	"zuV"**7+8*
95D999	"S:3("***9+
95D99A	"ba;4!"***\-
95D99B	"aa;4!"***\-
95D99C	"`a;4!"***\-
95D99D	"m=~U"+**7*
95D99E	"^a;4!"***\-
95D99F	"zhV"**7+9*
95D9A0	"zuV"**8+8*
95D9A1	"[a;4!"***\-
95D9A2	"Za;4!"***\-
95D9A3	"Ya;4!"***\-
95D9A4	"Xa;4!"***\-
95D9A5	"Wa;4!"***\-
95D9A6	"Va;4!"***\-
95D9A7	"Ua;4!"***\-
95D9A8	"zuV"**9+8*
95D9A9	"Sa;4!"***\-
95D9AA	"Ra;4!"***\-
95D9AB	"Qa;4!"***\-
95D9AC	"Pa;4!"***\-
95D9AD	"Oa;4!"***\-
95D9AE	"Na;4!"***\-
95D9AF	"Ma;4!"***\-
95D9B0	"La;4!"***\-
95D9B1	"zhV"**9+9*
95D9B2	"Ja;4!"***\-
95D9B3	"Ia;4!"***\-
95D9B4	"Ha;4!"***\-
95D9B5	"Ga;4!"***\-
95D9B6	"Fa;4!"***\-
95D9B7	"Ea;4!"***\-
95D9B8	"Da;4!"***\-
95D9B9	"Ca;4!"***\-
95D9BA	"yQ~)"+**6*
95D9BB	"Aa;4!"***\-
95D9BC	"@a;4!"***\-
95D9BD	"?a;4!"***\-
95D9BE	">a;4!"***\-
95D9BF	"=a;4!"***\-
95D9C0	"<a;4!"***\-
95D9C1	";a;4!"***\-
95D9C2	":a;4!"***\-
95D9C3	"9a;4!"***\-
95D9C4	"8a;4!"***\-
95D9C5	"7a;4!"***\-
95D9C6	"6a;4!"***\-
95D9C7	"5a;4!"***\-
95D9C8	"4a;4!"***\-
95D9C9	"3a;4!"***\-
95D9CA	"2a;4!"***\-
95D9CB	"1a;4!"***\-
95D9CC	"0a;4!"***\-
95D9CD	"/a;4!"***\-
95D9CE	".a;4!"***\-
95D9CF	"-a;4!"***\-
95D9D0	",a;4!"***\-
95D9D1	"+a;4!"***\-
95D9D2	"*a;4!"***\-
95D9D3	")a;4!"***\-
95D9D4	"(a;4!"***\-
95D9D5	"u~qi"*+*7*
95D9D6	"&a;4!"***\-
95D9D7	"%a;4!"***\-
95D9D8	"$a;4!"***\-
95D9D9	"#a;4!"***\-
95D9DA	"VhG&#"***\-
95D9DB	"75~E/"*+**
95D9DC	"4}z\"**\-7*
95D9DD	"ShG&#"***\-
95D9DE	"RhG&#"***\-
95D9DF	"QhG&#"***\-
95D9E0	"PhG&#"***\-
95D9E1	"OhG&#"***\-
95D9E2	"NhG&#"***\-
95D9E3	"MhG&#"***\-
95D9E4	"LhG&#"***\-
95D9E5	"KhG&#"***\-
95D9E6	"JhG&#"***\-
95D9E7	"IhG&#"***\-
95D9E8	"HhG&#"***\-
95D9E9	"GhG&#"***\-
95D9EA	"i^~I"+**5*
95D9EB	"EhG&#"***\-
95D9EC	"DhG&#"***\-
95D9ED	"ChG&#"***\-
95D9EE	"BhG&#"***\-
95D9EF	"AhG&#"***\-
95D9F0	"@hG&#"***\-
95D9F1	"?hG&#"***\-
95D9F2	">hG&#"***\-
95D9F3	"a;4!"***9-
95D9F4	"a;4!"***8-
95D9F5	"a;4!"***7-
95D9F6	"a;4!"***6-
95D9F7	"a;4!"***5-
95D9F8	"a;4!"***4-
95D9F9	"a;4!"***3-
95D9FA	"a;4!"***2-
95D9FB	"a;4!"***1-
95D9FC	"a;4!"***
95D9FD	"a;4!"***1+
95D9FE	"a;4!"***2+
95D9FF	"a;4!"***3+
95DA00	"a;4!"***4+
95DA01	"a;4!"***5+
95DA02	"a;4!"***6+
95DA03	"a;4!"***7+
95DA04	"a;4!"***8+
95DA05	"a;4!"***9+
95DA06	"*hG&#"***\-
95DA07	")hG&#"***\-
95DA08	"(hG&#"***\-
95DA09	"'hG&#"***\-
95DA0A	"&hG&#"***\-
95DA0B	"%hG&#"***\-
95DA0C	"$hG&#"***\-
95DA0D	"#hG&#"***\-
95DA0E	")O;1+"***\-
95DA0F	"!hG&#"***\-
95DA10	".qpa"**\-8*
95DA11	"&O;1+"***\-
95DA12	"%O;1+"***\-
95DA13	"$O;1+"***\-
95DA14	"#O;1+"***\-
95DA15	"k|K! "***\-
95DA16	"!O;1+"***\-
95DA17	" O;1+"***\-
95DA18	"-qpa"**\-8*
95DA19	"g|K! "***\-
95DA1A	"f|K! "***\-
95DA1B	"+}z\"**\-7*
95DA1C	"d|K! "***\-
95DA1D	"4qoW"**\-9*
95DA1E	"b|K! "***\-
95DA1F	"a|K! "***\-
95DA20	",qpa"**\-8*
95DA21	"_|K! "***\-
95DA22	"*}z\"**\-7*
95DA23	"]|K! "***\-
95DA24	"\|K! "***\-
95DA25	"[|K! "***\-
95DA26	"3qoW"**\-9*
95DA27	"hG&#"***9-
95DA28	"hG&#"***8-
95DA29	"hG&#"***7-
95DA2A	"hG&#"***6-
95DA2B	"hG&#"***5-
95DA2C	"hG&#"***4-
95DA2D	"hG&#"***3-
95DA2E	"O;1+"***9-
95DA2F	"O;1+"***8-
95DA30	"hG&#"***
95DA31	"O;1+"***6-
95DA32	"O;1+"***5-
95DA33	"O;1+"***4-
95DA34	"O;1+"***3-
95DA35	"O;1+"***2-
95DA36	"SC~)("*+**
95DA37	"O;1+"***
95DA38	"O;1+"***1+
95DA39	"O;1+"***2+
95DA3A	"O;1+"***3+
95DA3B	"O;1+"***4+
95DA3C	"O;1+"***5+
95DA3D	"O;1+"***6+
95DA3E	"O;1+"***7+
95DA3F	"O;1+"***8+
95DA40	"O;1+"***9+
95DA41	"|nP"**7-9*
95DA42	">|K! "***\-
95DA43	"=|K! "***\-
95DA44	"<|K! "***\-
95DA45	"%}z\"**\-7*
95DA46	":|K! "***\-
95DA47	"9|K! "***\-
95DA48	"|nZ"**7-8*
95DA49	"7|K! "***\-
95DA4A	"|xn"**9-6*
95DA4B	"5|K! "***\-
95DA4C	"$}z\"**\-7*
95DA4D	"3|K! "***\-
95DA4E	"2|K! "***\-
95DA4F	"1|K! "***\-
95DA50	"|xn"**8-6*
95DA51	"/|K! "***\-
95DA52	".|K! "***\-
95DA53	"|nP"**5-9*
95DA54	",|K! "***\-
95DA55	"+|K! "***\-
95DA56	"|xn"**7-6*
95DA57	")|K! "***\-
95DA58	"|nZ"**5-8*
95DA59	"'|K! "***\-
95DA5A	"&|K! "***\-
95DA5B	"%|K! "***\-
95DA5C	"|xn"**6-6*
95DA5D	"#|K! "***\-
95DA5E	"FeI%$"***\-
95DA5F	"!|K! "***\-
95DA60	"|nZ"**4-8*
95DA61	"CeI%$"***\-
95DA62	"|xn"**5-6*
95DA63	"AeI%$"***\-
95DA64	"@eI%$"***\-
95DA65	"|nP"**3-9*
95DA66	">eI%$"***\-
95DA67	"=eI%$"***\-
95DA68	"|xn"**4-6*
95DA69	";eI%$"***\-
95DA6A	":eI%$"***\-
95DA6B	"9eI%$"***\-
95DA6C	"8eI%$"***\-
95DA6D	"7eI%$"***\-
95DA6E	"|xn"**3-6*
95DA6F	"5eI%$"***\-
95DA70	"|nZ"**2-8*
95DA71	"3eI%$"***\-
95DA72	"2eI%$"***\-
95DA73	"1eI%$"***\-
95DA74	"|xn"**2-6*
95DA75	"/eI%$"***\-
95DA76	".eI%$"***\-
95DA77	"mG/"**9*3*
95DA78	"|nZ"**1-8*
95DA79	"|xn"**6*7-
95DA7A	"|xn"**1-6*
95DA7B	"|xn"**6*5-
95DA7C	"|xn"**6*4-
95DA7D	"|xn"**6*3-
95DA7E	"|xn"**6*2-
95DA7F	"|xn"**6*1-
95DA80	"|xn"**6*
95DA81	"|xn"**6*1+
95DA82	"|xn"**6*2+
95DA83	"|xn"**6*3+
95DA84	"|xn"**6*4+
95DA85	"|xn"**6*5+
95DA86	"|xn"**1+6*
95DA87	"|xn"**6*7+
95DA88	"|nZ"**1+8*
95DA89	"|nP"**1+9*
95DA8A	"SO;1+"***+
95DA8B	"TO;1+"***+
95DA8C	"|xn"**2+6*
95DA8D	"VO;1+"***+
95DA8E	"WO;1+"***+
95DA8F	"XO;1+"***+
95DA90	"|nZ"**2+8*
95DA91	"ZO;1+"***+
95DA92	"|xn"**3+6*
95DA93	"\O;1+"***+
95DA94	"]O;1+"***+
95DA95	"^O;1+"***+
95DA96	"_O;1+"***+
95DA97	"`O;1+"***+
95DA98	"|xn"**4+6*
95DA99	"bO;1+"***+
95DA9A	"cO;1+"***+
95DA9B	"|nP"**3+9*
95DA9C	"eI%$"***8-
95DA9D	"eI%$"***7-
95DA9E	"|xn"**5+6*
95DA9F	"eI%$"***5-
95DAA0	"|nZ"**4+8*
95DAA1	"eI%$"***3-
95DAA2	"eI%$"***2-
95DAA3	"eI%$"***1-
95DAA4	"eI%$"***
95DAA5	"eI%$"***1+
95DAA6	"eI%$"***2+
95DAA7	"eI%$"***3+
95DAA8	"|nZ"**5+8*
95DAA9	"eI%$"***5+
95DAAA	"|xn"**7+6*
95DAAB	"eI%$"***7+
95DAAC	"yg~G"+**4*
95DAAD	"|nP"**5+9*
95DAAE	".|K! "***+
95DAAF	"/|K! "***+
95DAB0	"|xn"**8+6*
95DAB1	"1|K! "***+
95DAB2	"A:~C%"*+**
95DAB3	"3|K! "***+
95DAB4	"4|K! "***+
95DAB5	"5|K! "***+
95DAB6	"|xn"**9+6*
95DAB7	"7|K! "***+
95DAB8	"|nZ"**7+8*
95DAB9	"9|K! "***+
95DABA	":|K! "***+
95DABB	";|K! "***+
95DABC	"<|K! "***+
95DABD	"=|K! "***+
95DABE	">|K! "***+
95DABF	"|nP"**7+9*
95DAC0	"|nZ"**8+8*
95DAC1	"A|K! "***+
95DAC2	"B|K! "***+
95DAC3	"C|K! "***+
95DAC4	" eI%$"***+
95DAC5	"!eI%$"***+
95DAC6	"F|K! "***+
95DAC7	"#eI%$"***+
95DAC8	"|nZ"**9+8*
95DAC9	"%eI%$"***+
95DACA	"~s=(#"***\-
95DACB	"}s=(#"***\-
95DACC	"|s=(#"***\-
95DACD	"{s=(#"***\-
95DACE	"zs=(#"***\-
95DACF	"ys=(#"***\-
95DAD0	"xs=(#"***\-
95DAD1	"|nP"**9+9*
95DAD2	"vs=(#"***\-
95DAD3	"us=(#"***\-
95DAD4	"ts=(#"***\-
95DAD5	"ss=(#"***\-
95DAD6	"rs=(#"***\-
95DAD7	"qs=(#"***\-
95DAD8	"kXt!"+**7*
95DAD9	"os=(#"***\-
95DADA	"ns=(#"***\-
95DADB	"ms=(#"***\-
95DADC	"ls=(#"***\-
95DADD	"ks=(#"***\-
95DADE	"js=(#"***\-
95DADF	"is=(#"***\-
95DAE0	"hs=(#"***\-
95DAE1	"gs=(#"***\-
95DAE2	"fs=(#"***\-
95DAE3	"es=(#"***\-
95DAE4	"mjU"**5*2*
95DAE5	"cs=(#"***\-
95DAE6	"bs=(#"***\-
95DAE7	"as=(#"***\-
95DAE8	"`s=(#"***\-
95DAE9	"_s=(#"***\-
95DAEA	"^s=(#"***\-
95DAEB	"]s=(#"***\-
95DAEC	"\s=(#"***\-
95DAED	"[s=(#"***\-
95DAEE	"Zs=(#"***\-
95DAEF	"Ys=(#"***\-
95DAF0	"Xs=(#"***\-
95DAF1	"Ws=(#"***\-
95DAF2	"Vs=(#"***\-
95DAF3	"Us=(#"***\-
95DAF4	"Ts=(#"***\-
95DAF5	"Ss=(#"***\-
95DAF6	"Rs=(#"***\-
95DAF7	"Qs=(#"***\-
95DAF8	"Ps=(#"***\-
95DAF9	"Os=(#"***\-
95DAFA	"Ns=(#"***\-
95DAFB	"Ms=(#"***\-
95DAFC	"Ls=(#"***\-
95DAFD	"Ks=(#"***\-
95DAFE	"Js=(#"***\-
95DAFF	"Is=(#"***\-
95DB00	"hh~e"+**4*
95DB01	"Gs=(#"***\-
95DB02	"Fs=(#"***\-
95DB03	"Es=(#"***\-
95DB04	"Ds=(#"***\-
95DB05	"Cs=(#"***\-
95DB06	"Bs=(#"***\-
95DB07	"As=(#"***\-
95DB08	"@s=(#"***\-
95DB09	"}z\"**9-7*
95DB0A	">s=(#"***\-
95DB0B	"=s=(#"***\-
95DB0C	"<s=(#"***\-
95DB0D	";s=(#"***\-
95DB0E	":s=(#"***\-
95DB0F	"9s=(#"***\-
95DB10	"}z\"**8-7*
95DB11	"7s=(#"***\-
95DB12	"6s=(#"***\-
95DB13	"5s=(#"***\-
95DB14	"4s=(#"***\-
95DB15	"3s=(#"***\-
95DB16	"2s=(#"***\-
95DB17	"}z\"**7-7*
95DB18	"0s=(#"***\-
95DB19	"/s=(#"***\-
95DB1A	".s=(#"***\-
95DB1B	"-s=(#"***\-
95DB1C	",s=(#"***\-
95DB1D	"+s=(#"***\-
95DB1E	"}z\"**6-7*
95DB1F	")s=(#"***\-
95DB20	"(s=(#"***\-
95DB21	"'s=(#"***\-
95DB22	"&s=(#"***\-
95DB23	"%s=(#"***\-
95DB24	"$s=(#"***\-
95DB25	"}z\"**5-7*
95DB26	"\SR'%"***\-
95DB27	"!s=(#"***\-
95DB28	"-yrY"**\-8*
95DB29	"YSR'%"***\-
95DB2A	"XSR'%"***\-
95DB2B	"WSR'%"***\-
95DB2C	"}z\"**4-7*
95DB2D	"USR'%"***\-
95DB2E	"TSR'%"***\-
95DB2F	"SSR'%"***\-
95DB30	"RSR'%"***\-
95DB31	"QSR'%"***\-
95DB32	"PSR'%"***\-
95DB33	"}z\"**3-7*
95DB34	"NSR'%"***\-
95DB35	"MSR'%"***\-
95DB36	"LSR'%"***\-
95DB37	"KSR'%"***\-
95DB38	"qpa"**9-8*
95DB39	"ISR'%"***\-
95DB3A	"}z\"**2-7*
95DB3B	"GSR'%"***\-
95DB3C	"FSR'%"***\-
95DB3D	"ESR'%"***\-
95DB3E	"DSR'%"***\-
95DB3F	"s=(#"***9-
95DB40	"qpa"**8-8*
95DB41	"}z\"**1-7*
95DB42	"s=(#"***6-
95DB43	"kW~U"+**5*
95DB44	"s=(#"***4-
95DB45	"s=(#"***3-
95DB46	"s=(#"***2-
95DB47	"s=(#"***1-
95DB48	"}z\"**7*
95DB49	"s=(#"***1+
95DB4A	"s=(#"***2+
95DB4B	"s=(#"***3+
95DB4C	"s=(#"***4+
95DB4D	"s=(#"***5+
95DB4E	"s=(#"***6+
95DB4F	"}z\"**1+7*
95DB50	"qpa"**6-8*
95DB51	"s=(#"***9+
95DB52	"#|xn"**+6*
95DB53	"/SR'%"***\-
95DB54	".SR'%"***\-
95DB55	"-SR'%"***\-
95DB56	"}z\"**2+7*
95DB57	"+SR'%"***\-
95DB58	"qpa"**5-8*
95DB59	")SR'%"***\-
95DB5A	"(SR'%"***\-
95DB5B	"'SR'%"***\-
95DB5C	"&SR'%"***\-
95DB5D	"}z\"**3+7*
95DB5E	"%|xn"**+6*
95DB5F	"#SR'%"***\-
95DB60	"qpa"**4-8*
95DB61	"!SR'%"***\-
95DB62	" SR'%"***\-
95DB63	"qv:)#"***\-
95DB64	"}z\"**4+7*
95DB65	"ov:)#"***\-
95DB66	"nv:)#"***\-
95DB67	"mv:)#"***\-
95DB68	"qpa"**3-8*
95DB69	"kv:)#"***\-
95DB6A	"'|xn"**+6*
95DB6B	"}z\"**5+7*
95DB6C	"hv:)#"***\-
95DB6D	"gv:)#"***\-
95DB6E	"fv:)#"***\-
95DB6F	"ev:)#"***\-
95DB70	"qpa"**2-8*
95DB71	"cv:)#"***\-
95DB72	"}z\"**6+7*
95DB73	"av:)#"***\-
95DB74	"`v:)#"***\-
95DB75	"_v:)#"***\-
95DB76	")|xn"**+6*
95DB77	"qpa"**8*9-
95DB78	"qpa"**1-8*
95DB79	"}z\"**7+7*
95DB7A	"SR'%"***8-
95DB7B	"SR'%"***7-
95DB7C	"SR'%"***6-
95DB7D	"SR'%"***5-
95DB7E	"SR'%"***4-
95DB7F	"SR'%"***3-
95DB80	"qpa"**8*
95DB81	"SR'%"***1-
95DB82	"SR'%"***
95DB83	"SR'%"***1+
95DB84	"SR'%"***2+
95DB85	"YC~''"*+**
95DB86	"SR'%"***4+
95DB87	"}z\"**9+7*
95DB88	"qpa"**1+8*
95DB89	"SR'%"***7+
95DB8A	"SR'%"***8+
95DB8B	"SR'%"***9+
95DB8C	"Hv:)#"***\-
95DB8D	"Gv:)#"***\-
95DB8E	"~wb!"+**5*
95DB8F	"+~I;5"**+*
95DB90	"qpa"**2+8*
95DB91	"Cv:)#"***\-
95DB92	"Bv:)#"***\-
95DB93	"Av:)#"***\-
95DB94	".|xn"**+6*
95DB95	"?v:)#"***\-
95DB96	">v:)#"***\-
95DB97	"=v:)#"***\-
95DB98	"qpa"**3+8*
95DB99	";v:)#"***\-
95DB9A	"/|xn"**+6*
95DB9B	"9v:)#"***\-
95DB9C	"8v:)#"***\-
95DB9D	"7v:)#"***\-
95DB9E	"6v:)#"***\-
95DB9F	"5v:)#"***\-
95DBA0	"qpa"**4+8*
95DBA1	"3v:)#"***\-
95DBA2	"2v:)#"***\-
95DBA3	"1v:)#"***\-
95DBA4	"0v:)#"***\-
95DBA5	"/v:)#"***\-
95DBA6	"1|xn"**+6*
95DBA7	"-v:)#"***\-
95DBA8	"qpa"**5+8*
95DBA9	"qoW"**8-9*
95DBAA	"*v:)#"***\-
95DBAB	")v:)#"***\-
95DBAC	"2|xn"**+6*
95DBAD	"'v:)#"***\-
95DBAE	"&v:)#"***\-
95DBAF	"%v:)#"***\-
95DBB0	"qpa"**6+8*
95DBB1	"#v:)#"***\-
95DBB2	"qoW"**7-9*
95DBB3	"!v:)#"***\-
95DBB4	" v:)#"***\-
95DBB5	"iu//&"***\-
95DBB6	"hu//&"***\-
95DBB7	"gu//&"***\-
95DBB8	"j~sr"*+*7*
95DBB9	"eu//&"***\-
95DBBA	"du//&"***\-
95DBBB	"qoW"**6-9*
95DBBC	"bu//&"***\-
95DBBD	"au//&"***\-
95DBBE	"5|xn"**+6*
95DBBF	"_u//&"***\-
95DBC0	"qpa"**8+8*
95DBC1	"]u//&"***\-
95DBC2	"\u//&"***\-
95DBC3	"[u//&"***\-
95DBC4	"qoW"**5-9*
95DBC5	"Yu//&"***\-
95DBC6	"Xu//&"***\-
95DBC7	"Wu//&"***\-
95DBC8	"IC~}"+**8*
95DBC9	"Uu//&"***\-
95DBCA	"7|xn"**+6*
95DBCB	"v:)#"***9-
95DBCC	"v:)#"***8-
95DBCD	"qoW"**4-9*
95DBCE	"v:)#"***6-
95DBCF	"v:)#"***5-
95DBD0	"v:)#"***4-
95DBD1	"v:)#"***3-
95DBD2	"v:)#"***2-
95DBD3	"v:)#"***1-
95DBD4	"v:)#"***
95DBD5	"v:)#"***1+
95DBD6	"qoW"**3-9*
95DBD7	"v:)#"***3+
95DBD8	"v:)#"***4+
95DBD9	"v:)#"***5+
95DBDA	"v:)#"***6+
95DBDB	"v:)#"***7+
95DBDC	"v:)#"***8+
95DBDD	"v:)#"***9+
95DBDE	"@u//&"***\-
95DBDF	"qoW"**2-9*
95DBE0	">u//&"***\-
95DBE1	"=u//&"***\-
95DBE2	";|xn"**+6*
95DBE3	";u//&"***\-
95DBE4	":u//&"***\-
95DBE5	"9u//&"***\-
95DBE6	"8u//&"***\-
95DBE7	"7u//&"***\-
95DBE8	"qoW"**1-9*
95DBE9	"qoW"**9*8-
95DBEA	"qoW"**9*7-
95DBEB	"qoW"**9*6-
95DBEC	"qoW"**9*5-
95DBED	"qoW"**9*4-
95DBEE	"qoW"**9*3-
95DBEF	"qoW"**9*2-
95DBF0	"qoW"**9*1-
95DBF1	"qoW"**9*
95DBF2	"qoW"**9*1+
95DBF3	"qoW"**9*2+
95DBF4	"qoW"**9*3+
95DBF5	"qoW"**9*4+
95DBF6	"qoW"**9*5+
95DBF7	"qoW"**9*6+
95DBF8	"qoW"**9*7+
95DBF9	"qoW"**9*8+
95DBFA	"qoW"**1+9*
95DBFB	"#u//&"***\-
95DBFC	"Fa2--"***\-
95DBFD	"!u//&"***\-
95DBFE	"n~t`"**\-7*
95DBFF	"Ca2--"***\-
95DC00	"@|xn"**+6*
95DC01	"Aa2--"***\-
95DC02	"@a2--"***\-
95DC03	"qoW"**2+9*
95DC04	">a2--"***\-
95DC05	"=a2--"***\-
95DC06	"A|xn"**+6*
95DC07	";a2--"***\-
95DC08	":a2--"***\-
95DC09	"9a2--"***\-
95DC0A	"8a2--"***\-
95DC0B	"7a2--"***\-
95DC0C	"qoW"**3+9*
95DC0D	"5a2--"***\-
95DC0E	"4a2--"***\-
95DC0F	"3a2--"***\-
95DC10	"2a2--"***\-
95DC11	"1a2--"***\-
95DC12	"0a2--"***\-
95DC13	"/a2--"***\-
95DC14	".a2--"***\-
95DC15	"qoW"**4+9*
95DC16	"u//&"***8-
95DC17	"u//&"***7-
95DC18	"u//&"***6-
95DC19	"u//&"***5-
95DC1A	"u//&"***4-
95DC1B	"u//&"***3-
95DC1C	"u//&"***2-
95DC1D	"u//&"***1-
95DC1E	"u//&"***
95DC1F	"u//&"***1+
95DC20	"u//&"***2+
95DC21	"u//&"***3+
95DC22	"u//&"***4+
95DC23	"u//&"***5+
95DC24	"u//&"***6+
95DC25	"u//&"***7+
95DC26	"u//&"***8+
95DC27	"qoW"**6+9*
95DC28	"h~t`"**\-7*
95DC29	"7oO# "***\-
95DC2A	"y~tp"**\-6*
95DC2B	"5oO# "***\-
95DC2C	"4oO# "***\-
95DC2D	"3oO# "***\-
95DC2E	"2oO# "***\-
95DC2F	"g~t`"**\-7*
95DC30	"qoW"**7+9*
95DC31	"/oO# "***\-
95DC32	".oO# "***\-
95DC33	"-oO# "***\-
95DC34	",oO# "***\-
95DC35	"+oO# "***\-
95DC36	"w~tp"**\-6*
95DC37	")oO# "***\-
95DC38	"ne~_"+**4*
95DC39	"qoW"**8+9*
95DC3A	"a2--"***8-
95DC3B	"a2--"***7-
95DC3C	"a2--"***6-
95DC3D	"a2--"***5-
95DC3E	"a2--"***4-
95DC3F	"a2--"***3-
95DC40	"a2--"***2-
95DC41	"a2--"***1-
95DC42	"}aZ"**9*
95DC43	"a2--"***1+
95DC44	"a2--"***2+
95DC45	"a2--"***3+
95DC46	"a2--"***4+
95DC47	"a2--"***5+
95DC48	"}aZ"**9*6+
95DC49	"a2--"***7+
95DC4A	"a2--"***8+
95DC4B	"}aZ"**1+9*
95DC4C	"DYX&!"***\-
95DC4D	"CYX&!"***\-
95DC4E	"BYX&!"***\-
95DC4F	"AYX&!"***\-
95DC50	"yrY"**8-8*
95DC51	"?YX&!"***\-
95DC52	">YX&!"***\-
95DC53	"=YX&!"***\-
95DC54	"}aZ"**2+9*
95DC55	";YX&!"***\-
95DC56	":YX&!"***\-
95DC57	"oO# "***9-
95DC58	"yrY"**7-8*
95DC59	"oO# "***7-
95DC5A	"oO# "***6-
95DC5B	"oO# "***5-
95DC5C	"oO# "***4-
95DC5D	"}aZ"**3+9*
95DC5E	"oO# "***2-
95DC5F	"oO# "***1-
95DC60	"oO# "***
95DC61	"oO# "***1+
95DC62	"oO# "***2+
95DC63	"oO# "***3+
95DC64	"oO# "***4+
95DC65	"oO# "***5+
95DC66	"}aZ"**4+9*
95DC67	"oO# "***7+
95DC68	"yrY"**5-8*
95DC69	"oO# "***9+
95DC6A	"&YX&!"***\-
95DC6B	"%YX&!"***\-
95DC6C	"$YX&!"***\-
95DC6D	"#YX&!"***\-
95DC6E	"^~t`"**\-7*
95DC6F	"}aZ"**5+9*
95DC70	"yrY"**4-8*
95DC71	"Ov33 "***\-
95DC72	"m~tp"**\-6*
95DC73	"Mv33 "***\-
95DC74	"Lv33 "***\-
95DC75	"]~t`"**\-7*
95DC76	"Jv33 "***\-
95DC77	"Iv33 "***\-
95DC78	"yrY"**3-8*
95DC79	"Gv33 "***\-
95DC7A	"Fv33 "***\-
95DC7B	"Ev33 "***\-
95DC7C	"\~t`"**\-7*
95DC7D	"Cv33 "***\-
95DC7E	"k~tp"**\-6*
95DC7F	"Av33 "***\-
95DC80	"~7&"*+:*2*
95DC81	"}aZ"**7+9*
95DC82	">v33 "***\-
95DC83	"[~t`"**\-7*
95DC84	"j~tp"**\-6*
95DC85	";v33 "***\-
95DC86	":v33 "***\-
95DC87	"YX&!"***9-
95DC88	"yrY"**1-8*
95DC89	"YX&!"***7-
95DC8A	"}aZ"**8+9*
95DC8B	"YX&!"***5-
95DC8C	"YX&!"***4-
95DC8D	"YX&!"***3-
95DC8E	"YX&!"***2-
95DC8F	"YX&!"***1-
95DC90	"yrY"**8*
95DC91	"C+~C1"*+**
95DC92	"YX&!"***2+
95DC93	"}aZ"**9+9*
95DC94	"YX&!"***4+
95DC95	"YX&!"***5+
95DC96	"YX&!"***6+
95DC97	"YX&!"***7+
95DC98	"yrY"**1+8*
95DC99	"YX&!"***9+
95DC9A	"&v33 "***\-
95DC9B	"%v33 "***\-
95DC9C	"f~tp"**\-6*
95DC9D	"#v33 "***\-
95DC9E	"NI>>#"***\-
95DC9F	"W~t`"**\-7*
95DCA0	"yrY"**2+8*
95DCA1	"KI>>#"***\-
95DCA2	"JI>>#"***\-
95DCA3	"II>>#"***\-
95DCA4	"HI>>#"***\-
95DCA5	"GI>>#"***\-
95DCA6	"FI>>#"***\-
95DCA7	"EI>>#"***\-
95DCA8	"yrY"**3+8*
95DCA9	"CI>>#"***\-
95DCAA	"BI>>#"***\-
95DCAB	"AI>>#"***\-
95DCAC	"@I>>#"***\-
95DCAD	"?I>>#"***\-
95DCAE	">I>>#"***\-
95DCAF	"=I>>#"***\-
95DCB0	"yrY"**4+8*
95DCB1	";I>>#"***\-
95DCB2	":I>>#"***\-
95DCB3	"9I>>#"***\-
95DCB4	"8I>>#"***\-
95DCB5	"7I>>#"***\-
95DCB6	"6I>>#"***\-
95DCB7	"vff"**8*9-
95DCB8	"yrY"**5+8*
95DCB9	"vff"**8*7-
95DCBA	"vff"**8*6-
95DCBB	"vff"**8*5-
95DCBC	"vff"**8*4-
95DCBD	"vff"**8*3-
95DCBE	"vff"**8*2-
95DCBF	"vff"**8*1-
95DCC0	"vff"**8*
95DCC1	"vff"**8*1+
95DCC2	"vff"**8*2+
95DCC3	"vff"**8*3+
95DCC4	"vff"**8*4+
95DCC5	"vff"**8*5+
95DCC6	"vff"**8*6+
95DCC7	"vff"**8*7+
95DCC8	"yrY"**7+8*
95DCC9	"vff"**8*9+
95DCCA	")w=)!"***\-
95DCCB	"!I>>#"***\-
95DCCC	"^~tp"**\-6*
95DCCD	"&w=)!"***\-
95DCCE	"%w=)!"***\-
95DCCF	"$w=)!"***\-
95DCD0	"yrY"**8+8*
95DCD1	"%G:5-"***\-
95DCD2	"!w=)!"***\-
95DCD3	" w=)!"***\-
95DCD4	"DYX&!"***+
95DCD5	"!G:5-"***\-
95DCD6	" G:5-"***\-
95DCD7	"GYX&!"***+
95DCD8	"yrY"**9+8*
95DCD9	"IYX&!"***+
95DCDA	"JYX&!"***+
95DCDB	"KYX&!"***+
95DCDC	"LYX&!"***+
95DCDD	"MYX&!"***+
95DCDE	"NYX&!"***+
95DCDF	"OYX&!"***+
95DCE0	"vff"**4+8*
95DCE1	"!v33 "***+
95DCE2	"RYX&!"***+
95DCE3	"I>>#"***9-
95DCE4	"I>>#"***8-
95DCE5	"I>>#"***7-
95DCE6	"I>>#"***6-
95DCE7	"I>>#"***5-
95DCE8	"vff"**5+8*
95DCE9	"I>>#"***3-
95DCEA	"I>>#"***2-
95DCEB	"I>>#"***1-
95DCEC	"I>>#"***
95DCED	"I>>#"***1+
95DCEE	"I>>#"***2+
95DCEF	"I>>#"***3+
95DCF0	"vff"**6+8*
95DCF1	"I>>#"***5+
95DCF2	"I>>#"***6+
95DCF3	"w=)!"***
95DCF4	"I>>#"***8+
95DCF5	"I>>#"***9+
95DCF6	"G:5-"***
95DCF7	"w=)!"***4+
95DCF8	"vff"**7+8*
95DCF9	"w=)!"***6+
95DCFA	"w=)!"***7+
95DCFB	"w=)!"***8+
95DCFC	"w=)!"***9+
95DCFD	"G:5-"***7+
95DCFE	"G:5-"***8+
95DCFF	"G:5-"***9+
95DD00	"vff"**8+8*
95DD01	"Av33 "***+
95DD02	"Bv33 "***+
95DD03	"Cv33 "***+
95DD04	"Dv33 "***+
95DD05	"Ev33 "***+
95DD06	"Fv33 "***+
95DD07	"Gv33 "***+
95DD08	"vff"**9+8*
95DD09	"Iv33 "***+
95DD0A	"Jv33 "***+
95DD0B	"Kv33 "***+
95DD0C	" I>>#"***+
95DD0D	"!I>>#"***+
95DD0E	"Nv33 "***+
95DD0F	"#I>>#"***+
95DD10	"$I>>#"***+
95DD11	"%I>>#"***+
95DD12	"&I>>#"***+
95DD13	" w=)!"***+
95DD14	"!w=)!"***+
95DD15	")I>>#"***+
95DD16	"gbj!"+**7*
95DD17	"!G:5-"***+
95DD18	"%w=)!"***+
95DD19	"#G:5-"***+
95DD1A	"$G:5-"***+
95DD1B	"%G:5-"***+
95DD1C	"&G:5-"***+
95DD1D	"'G:5-"***+
95DD1E	"(G:5-"***+
95DD1F	")G:5-"***+
95DD20	"*G:5-"***+
95DD21	"+G:5-"***+
95DD22	",G:5-"***+
95DD23	"-G:5-"***+
95DD24	".G:5-"***+
95DD25	"/G:5-"***+
95DD26	"0G:5-"***+
95DD27	"1G:5-"***+
95DD28	"2G:5-"***+
95DD29	"3G:5-"***+
95DD2A	"4G:5-"***+
95DD2B	"5~[7%"**+*
95DD2C	"6G:5-"***+
95DD2D	"7G:5-"***+
95DD2E	"8G:5-"***+
95DD2F	"9G:5-"***+
95DD30	":G:5-"***+
95DD31	";G:5-"***+
95DD32	"<G:5-"***+
95DD33	"=G:5-"***+
95DD34	">G:5-"***+
95DD35	"cIv!"+**9*
95DD36	"@G:5-"***+
95DD37	"AG:5-"***+
95DD38	"BG:5-"***+
95DD39	"CG:5-"***+
95DD3A	"DG:5-"***+
95DD3B	"EG:5-"***+
95DD3C	"FG:5-"***+
95DD3D	"GG:5-"***+
95DD3E	"HG:5-"***+
95DD3F	"IG:5-"***+
95DD40	"JG:5-"***+
95DD41	"KG:5-"***+
95DD42	"LG:5-"***+
95DD43	"MG:5-"***+
95DD44	"NG:5-"***+
95DD45	"OG:5-"***+
95DD46	"PG:5-"***+
95DD47	"QG:5-"***+
95DD48	"RG:5-"***+
95DD49	"SG:5-"***+
95DD4A	"TG:5-"***+
95DD4B	"UG:5-"***+
95DD4C	"VG:5-"***+
95DD4D	"WG:5-"***+
95DD4E	"&~y=#"**+*
95DD4F	"YG:5-"***+
95DD50	"x~vL"*+*9*
95DD51	"[G:5-"***+
95DD52	"\G:5-"***+
95DD53	"]G:5-"***+
95DD54	"^G:5-"***+
95DD55	"_G:5-"***+
95DD56	"`G:5-"***+
95DD57	"aG:5-"***+
95DD58	"bG:5-"***+
95DD59	"E3~A)"*+**
95DD5A	"dG:5-"***+
95DD5B	"eG:5-"***+
95DD5C	"fG:5-"***+
95DD5D	"gG:5-"***+
95DD5E	"hG:5-"***+
95DD5F	"iG:5-"***+
95DD60	"jG:5-"***+
95DD61	"kG:5-"***+
95DD62	"lG:5-"***+
95DD63	"mG:5-"***+
95DD64	"nG:5-"***+
95DD65	"oG:5-"***+
95DD66	"pG:5-"***+
95DD67	"qG:5-"***+
95DD68	"rG:5-"***+
95DD69	"sG:5-"***+
95DD6A	"tG:5-"***+
95DD6B	"uG:5-"***+
95DD6C	"vG:5-"***+
95DD6D	"wG:5-"***+
95DD6E	"xG:5-"***+
95DD6F	"yG:5-"***+
95DD70	"h.~/)"*+**
95DD71	"{G:5-"***+
95DD72	"|G:5-"***+
95DD73	"}G:5-"***+
95DD74	"rS~/"+**6*
95DD75	"h.~/)"*+**5+
95DD76	"h.~/)"*+**6+
95DD77	"h.~/)"*+**7+
95DD78	"8~t`"**\-7*
95DD79	"h.~/)"*+**9+
95DD7A	"A~tp"**\-6*
95DD7B	"|G:5-"***+9+
95DD7C	"}G:5-"***+9+
95DD7D	"ug~%"+**5*
95DD7E	"ug~%"+**5*1+
95DD7F	"7~t`"**\-7*
95DD80	"@~tp"**\-6*
95DD81	"ug~%"+**5*4+
95DD82	"ug~%"+**1+5*
95DD83	"ug~%"+**5*6+
95DD84	"ug~%"+**5*7+
95DD85	"ug~%"+**5*8+
95DD86	"?~tp"**\-6*
95DD87	"ug~%"+**2+5*
95DD88	"/~tT"**\-8*
95DD89	"@~tp"**\-6*9+
95DD8A	"e;33 "***+2*
95DD8B	"?~tp"**\-6*5+
95DD8C	">~tp"**\-6*
95DD8D	"5~t`"**\-7*
95DD8E	"g;33 "***+2*
95DD8F	")tpT"**\-9*
95DD90	".~tT"**\-8*
95DD91	"ug~%"+**4+5*
95DD92	"=~tp"**\-6*
95DD93	">~tp"**\-6*7+
95DD94	"4~t`"**\-7*
95DD95	">~tp"**\-6*9+
95DD96	"ug~%"+**5+5*
95DD97	")tpT"**\-9*8+
95DD98	"<~tp"**\-6*
95DD99	".~tT"**\-8*9+
95DD9A	"m;33 "***+2*
95DD9B	"3~t`"**\-7*
95DD9C	"n;33 "***+2*
95DD9D	"C~7~;+"*+*+*
95DD9E	";~tp"**\-6*
95DD9F	"<~tp"**\-6*7+
95DDA0	",~tT"**\-8*
95DDA1	"'tpT"**\-9*
95DDA2	"2~t`"**\-7*
95DDA3	"3~t`"**\-7*8+
95DDA4	":~tp"**\-6*
95DDA5	"ug~%"+**8+5*
95DDA6	"s;33 "***+2*
95DDA7	";~tp"**\-6*9+
95DDA8	"+~tT"**\-8*
95DDA9	"1~t`"**\-7*
95DDAA	"9~tp"**\-6*
95DDAB	"2~t`"**\-7*9+
95DDAC	"v;33 "***+2*
95DDAD	"k]/"**7*8-3*
95DDAE	"w;33 "***+2*
95DDAF	"[V~}"+**3-5*
95DDB0	"8~tp"**\-6*
95DDB1	"}!~7)"*+**8-
95DDB2	"}!~7)"*+**7-
95DDB3	"%tpT"**\-9*
95DDB4	"}!~7)"*+**5-
95DDB5	"}!~7)"*+**4-
95DDB6	"7~tp"**\-6*
95DDB7	"/~t`"**\-7*
95DDB8	")~tT"**\-8*
95DDB9	"}!~7)"*+**
95DDBA	"}!~7)"*+**1+
95DDBB	"}!~7)"*+**2+
95DDBC	"6~tp"**\-6*
95DDBD	"}!~7)"*+**4+
95DDBE	"[V~}"+**5*
95DDBF	"}!~7)"*+**6+
95DDC0	"RL~G"+**8*
95DDC1	"}!~7)"*+**8+
95DDC2	"5~tp"**\-6*
95DDC3	"[V~}"+**1+5*
95DDC4	"[V~}"+**5*6+
95DDC5	"k]/"**7*3*
95DDC6	"[V~}"+**5*8+
95DDC7	"SI~~%%"*++**
95DDC8	"4~tp"**\-6*
95DDC9	"RL~G"+**8*9+
95DDCA	"k]/"**7*3*5+
95DDCB	"k]/"**7*3*6+
95DDCC	"e\v!"+**7*
95DDCD	"[V~}"+**3+5*
95DDCE	"~zhV"**+9*
95DDCF	"e\v!"+**7*3+
95DDD0	"&~tT"**\-8*
95DDD1	"b!~G)"*+**9-
95DDD2	"b!~G)"*+**8-
95DDD3	"+~t`"**\-7*
95DDD4	"2~tp"**\-6*
95DDD5	"b!~G)"*+**5-
95DDD6	"b!~G)"*+**4-
95DDD7	"!tpT"**\-9*
95DDD8	"%~tT"**\-8*
95DDD9	"b!~G)"*+**1-
95DDDA	"b!~G)"*+**
95DDDB	"b!~G)"*+**1+
95DDDC	"b!~G)"*+**2+
95DDDD	"b!~G)"*+**3+
95DDDE	"b!~G)"*+**4+
95DDDF	"b!~G)"*+**5+
95DDE0	"0~tp"**\-6*
95DDE1	")~t`"**\-7*
95DDE2	"b!~G)"*+**8+
95DDE3	"b!~G)"*+**9+
95DDE4	"0~tp"**\-6*4+
95DDE5	"0~tp"**\-6*5+
95DDE6	"/~tp"**\-6*
95DDE7	"~SE1#"***\-8-
95DDE8	"(~t`"**\-7*
95DDE9	"OujX"**\-9*
95DDEA	"f~ma"*+*9*8-
95DDEB	"[V~}"+**9+5*
95DDEC	".~tp"**\-6*
95DDED	"f~ma"*+*9*5-
95DDEE	"~h.~/)"*+**+
95DDEF	"~SE1#"***\-
95DDF0	"}SE1#"***\-
95DDF1	"|SE1#"***\-
95DDF2	"f~ma"*+*9*
95DDF3	"zSE1#"***\-
95DDF4	"ySE1#"***\-
95DDF5	"xSE1#"***\-
95DDF6	"wSE1#"***\-
95DDF7	"vSE1#"***\-
95DDF8	"uSE1#"***\-
95DDF9	"tSE1#"***\-
95DDFA	"sSE1#"***\-
95DDFB	"rSE1#"***\-
95DDFC	"qSE1#"***\-
95DDFD	"pSE1#"***\-
95DDFE	"oSE1#"***\-
95DDFF	"nSE1#"***\-
95DE00	"mSE1#"***\-
95DE01	"lSE1#"***\-
95DE02	"kSE1#"***\-
95DE03	"jSE1#"***\-
95DE04	"iSE1#"***\-
95DE05	"hSE1#"***\-
95DE06	"gSE1#"***\-
95DE07	"fSE1#"***\-
95DE08	"eSE1#"***\-
95DE09	"dSE1#"***\-
95DE0A	"cSE1#"***\-
95DE0B	"bSE1#"***\-
95DE0C	"aSE1#"***\-
95DE0D	"`SE1#"***\-
95DE0E	"_SE1#"***\-
95DE0F	"^SE1#"***\-
95DE10	"]SE1#"***\-
95DE11	"\SE1#"***\-
95DE12	"RG~s"+**7*
95DE13	"ZSE1#"***\-
95DE14	"YSE1#"***\-
95DE15	"XSE1#"***\-
95DE16	"WSE1#"***\-
95DE17	"VSE1#"***\-
95DE18	"USE1#"***\-
95DE19	"TSE1#"***\-
95DE1A	"SSE1#"***\-
95DE1B	"RSE1#"***\-
95DE1C	"QSE1#"***\-
95DE1D	"PSE1#"***\-
95DE1E	"OSE1#"***\-
95DE1F	"NSE1#"***\-
95DE20	"MSE1#"***\-
95DE21	"LSE1#"***\-
95DE22	"v]~5"+**5*
95DE23	"C/~I)"*+**
95DE24	"ISE1#"***\-
95DE25	"HSE1#"***\-
95DE26	"GSE1#"***\-
95DE27	"FSE1#"***\-
95DE28	"ESE1#"***\-
95DE29	"DSE1#"***\-
95DE2A	"CSE1#"***\-
95DE2B	"BSE1#"***\-
95DE2C	"ASE1#"***\-
95DE2D	"@SE1#"***\-
95DE2E	"?SE1#"***\-
95DE2F	">SE1#"***\-
95DE30	"=SE1#"***\-
95DE31	"e-~7%"*+**
95DE32	";SE1#"***\-
95DE33	":SE1#"***\-
95DE34	"9SE1#"***\-
95DE35	"8SE1#"***\-
95DE36	"7SE1#"***\-
95DE37	"6SE1#"***\-
95DE38	"5SE1#"***\-
95DE39	"4SE1#"***\-
95DE3A	"O~vt"*+*9*
95DE3B	"2SE1#"***\-
95DE3C	"1SE1#"***\-
95DE3D	"0SE1#"***\-
95DE3E	"/SE1#"***\-
95DE3F	".SE1#"***\-
95DE40	"-SE1#"***\-
95DE41	"%~eG%"**+*
95DE42	"+SE1#"***\-
95DE43	"*SE1#"***\-
95DE44	")SE1#"***\-
95DE45	"(SE1#"***\-
95DE46	"'SE1#"***\-
95DE47	"&SE1#"***\-
95DE48	"%SE1#"***\-
95DE49	"$SE1#"***\-
95DE4A	"#SE1#"***\-
95DE4B	"S>=51"***\-
95DE4C	"!SE1#"***\-
95DE4D	" SE1#"***\-
95DE4E	"P>=51"***\-
95DE4F	"O>=51"***\-
95DE50	"N>=51"***\-
95DE51	"M>=51"***\-
95DE52	"L>=51"***\-
95DE53	"K>=51"***\-
95DE54	"J>=51"***\-
95DE55	"I>=51"***\-
95DE56	"H>=51"***\-
95DE57	"G>=51"***\-
95DE58	"wr~7"+**4*
95DE59	"E>=51"***\-
95DE5A	"D>=51"***\-
95DE5B	"C>=51"***\-
95DE5C	"B>=51"***\-
95DE5D	"A>=51"***\-
95DE5E	"@>=51"***\-
95DE5F	"?>=51"***\-
95DE60	"|~sU"*+*8*
95DE61	"=>=51"***\-
95DE62	"<>=51"***\-
95DE63	";>=51"***\-
95DE64	"SE1#"***9-
95DE65	"SE1#"***8-
95DE66	"JC~5#"*+**
95DE67	"SE1#"***6-
95DE68	"SE1#"***5-
95DE69	"SE1#"***4-
95DE6A	"SE1#"***3-
95DE6B	"SE1#"***2-
95DE6C	"SE1#"***1-
95DE6D	"SE1#"***
95DE6E	"SE1#"***1+
95DE6F	"SE1#"***2+
95DE70	"~|nZ"**+8*
95DE71	"SE1#"***4+
95DE72	"SE1#"***5+
95DE73	"SE1#"***6+
95DE74	"y[~a"+**4*
95DE75	"SE1#"***8+
95DE76	"SE1#"***9+
95DE77	"'>=51"***\-
95DE78	"&>=51"***\-
95DE79	"%>=51"***\-
95DE7A	"$>=51"***\-
95DE7B	"#>=51"***\-
95DE7C	"DVS+ "***\-
95DE7D	"!>=51"***\-
95DE7E	" >=51"***\-
95DE7F	"AVS+ "***\-
95DE80	"Fujc"**\-8*
95DE81	"?VS+ "***\-
95DE82	"B|{\"**\-7*
95DE83	"=VS+ "***\-
95DE84	"<VS+ "***\-
95DE85	";VS+ "***\-
95DE86	":VS+ "***\-
95DE87	"9VS+ "***\-
95DE88	"Eujc"**\-8*
95DE89	"A|{\"**\-7*
95DE8A	"6VS+ "***\-
95DE8B	"=ujX"**\-9*
95DE8C	"4VS+ "***\-
95DE8D	"3VS+ "***\-
95DE8E	"2VS+ "***\-
95DE8F	"1VS+ "***\-
95DE90	"@|{\"**\-7*
95DE91	"/VS+ "***\-
95DE92	".VS+ "***\-
95DE93	"-VS+ "***\-
95DE94	"<ujX"**\-9*
95DE95	">=51"***9-
95DE96	">=51"***8-
95DE97	">=51"***7-
95DE98	">=51"***6-
95DE99	">=51"***5-
95DE9A	">=51"***4-
95DE9B	">=51"***3-
95DE9C	">=51"***2-
95DE9D	">=51"***1-
95DE9E	">=51"***
95DE9F	">=51"***1+
95DEA0	">=51"***2+
95DEA1	">=51"***3+
95DEA2	">=51"***4+
95DEA3	">=51"***5+
95DEA4	">=51"***6+
95DEA5	">=51"***7+
95DEA6	">=51"***8+
95DEA7	">=51"***9+
95DEA8	"Aujc"**\-8*
95DEA9	"WbW$ "***\-
95DEAA	"VbW$ "***\-
95DEAB	"UbW$ "***\-
95DEAC	"<|{\"**\-7*
95DEAD	"SbW$ "***\-
95DEAE	"RbW$ "***\-
95DEAF	"tpT"**9-9*
95DEB0	"@ujc"**\-8*
95DEB1	"ObW$ "***\-
95DEB2	"NbW$ "***\-
95DEB3	";|{\"**\-7*
95DEB4	"LbW$ "***\-
95DEB5	"KbW$ "***\-
95DEB6	"JbW$ "***\-
95DEB7	"VS+ "***9-
95DEB8	"~tT"**9-8*
95DEB9	"VS+ "***7-
95DEBA	"~}z\"**+7*
95DEBB	"VS+ "***5-
95DEBC	"VS+ "***4-
95DEBD	"VS+ "***3-
95DEBE	"VS+ "***2-
95DEBF	"VS+ "***1-
95DEC0	"VS+ "***
95DEC1	"~t`"**9-7*
95DEC2	"VS+ "***2+
95DEC3	"VS+ "***3+
95DEC4	"VS+ "***4+
95DEC5	"VS+ "***5+
95DEC6	"VS+ "***6+
95DEC7	"VS+ "***7+
95DEC8	"~t`"**8-7*
95DEC9	"VS+ "***9+
95DECA	"~tp"**9-6*
95DECB	"5bW$ "***\-
95DECC	"4bW$ "***\-
95DECD	"3bW$ "***\-
95DECE	"2bW$ "***\-
95DECF	"~t`"**7-7*
95DED0	"~tp"**8-6*
95DED1	"/bW$ "***\-
95DED2	".bW$ "***\-
95DED3	";5~C-"*+**
95DED4	",bW$ "***\-
95DED5	"+bW$ "***\-
95DED6	"~tp"**7-6*
95DED7	")bW$ "***\-
95DED8	"~tT"**5-8*
95DED9	"'bW$ "***\-
95DEDA	"&bW$ "***\-
95DEDB	"%bW$ "***\-
95DEDC	"~tp"**6-6*
95DEDD	"~t`"**5-7*
95DEDE	"*q5)("***\-
95DEDF	"!bW$ "***\-
95DEE0	"sD|!"+**8*
95DEE1	"'q5)("***\-
95DEE2	"~tp"**5-6*
95DEE3	"%q5)("***\-
95DEE4	"~t`"**4-7*
95DEE5	"tpT"**3-9*
95DEE6	"(M;/."***\-
95DEE7	"!q5)("***\-
95DEE8	"~tp"**4-6*
95DEE9	"%M;/."***\-
95DEEA	"$M;/."***\-
95DEEB	"I+~[!"*+**
95DEEC	",VS+ "***+
95DEED	"!M;/."***\-
95DEEE	"~tp"**3-6*
95DEEF	"}l/-+"***\-
95DEF0	"~tT"**2-8*
95DEF1	"{l/-+"***\-
95DEF2	"~t`"**2-7*
95DEF3	"yl/-+"***\-
95DEF4	"~tp"**2-6*
95DEF5	"wl/-+"***\-
95DEF6	"vl/-+"***\-
95DEF7	"tpT"**1-9*
95DEF8	"~tT"**1-8*
95DEF9	"~t`"**1-7*
95DEFA	"~tp"**1-6*
95DEFB	"~@/"*+:*9-
95DEFC	"~@/"*+:*8-
95DEFD	"~@/"*+:*7-
95DEFE	"~@/"*+:*6-
95DEFF	"~@/"*+:*5-
95DF00	"~tp"**6*
95DF01	"~@/"*+:*3-
95DF02	"~@/"*+:*2-
95DF03	"~@/"*+:*1-
95DF04	"~@/"*+:*
95DF05	"~@/"*+:*1+
95DF06	"~@/"*+:*2+
95DF07	"~@/"*+:*3+
95DF08	"q5)("***
95DF09	"~@/"*+:*5+
95DF0A	"~@/"*+:*6+
95DF0B	"~@/"*+:*7+
95DF0C	"~@/"*+:*8+
95DF0D	"~@/"*+:*9+
95DF0E	"M;/."***
95DF0F	"q5)("***7+
95DF10	"~tT"**2+8*
95DF11	"q5)("***9+
95DF12	"~tp"**3+6*
95DF13	"M;/."***5+
95DF14	"M;/."***6+
95DF15	"~t`"**3+7*
95DF16	"M;/."***8+
95DF17	"M;/."***9+
95DF18	"~tp"**4+6*
95DF19	"Sl/-+"***\-
95DF1A	"Rl/-+"***\-
95DF1B	"tpT"**3+9*
95DF1C	"~t`"**4+7*
95DF1D	"Ol/-+"***\-
95DF1E	"~tp"**5+6*
95DF1F	"Ml/-+"***\-
95DF20	"~tT"**4+8*
95DF21	"Kl/-+"***\-
95DF22	"Jl/-+"***\-
95DF23	"~t`"**5+7*
95DF24	"~tp"**6+6*
95DF25	"Gl/-+"***\-
95DF26	"m~L %"**+*
95DF27	"El/-+"***\-
95DF28	"~tT"**5+8*
95DF29	"Cl/-+"***\-
95DF2A	"~tp"**7+6*
95DF2B	"Al/-+"***\-
95DF2C	"@l/-+"***\-
95DF2D	"tpT"**5+9*
95DF2E	">l/-+"***\-
95DF2F	"=l/-+"***\-
95DF30	"~tp"**8+6*
95DF31	"~t`"**7+7*
95DF32	":l/-+"***\-
95DF33	"9l/-+"***\-
95DF34	"8l/-+"***\-
95DF35	"7l/-+"***\-
95DF36	"~tp"**9+6*
95DF37	"5l/-+"***\-
95DF38	"~t`"**8+7*
95DF39	"3l/-+"***\-
95DF3A	"2l/-+"***\-
95DF3B	"1l/-+"***\-
95DF3C	"0l/-+"***\-
95DF3D	"/l/-+"***\-
95DF3E	".l/-+"***\-
95DF3F	"~t`"**9+7*
95DF40	"~tT"**8+8*
95DF41	"+l/-+"***\-
95DF42	"*l/-+"***\-
95DF43	")l/-+"***\-
95DF44	"(l/-+"***\-
95DF45	"'l/-+"***\-
95DF46	"&l/-+"***\-
95DF47	"%l/-+"***\-
95DF48	"~tT"**9+8*
95DF49	"#l/-+"***\-
95DF4A	"|KI.'"***\-
95DF4B	"!l/-+"***\-
95DF4C	" l/-+"***\-
95DF4D	"yKI.'"***\-
95DF4E	"xKI.'"***\-
95DF4F	"wKI.'"***\-
95DF50	"vKI.'"***\-
95DF51	"tpT"**9+9*
95DF52	"tKI.'"***\-
95DF53	"sKI.'"***\-
95DF54	"rKI.'"***\-
95DF55	"qKI.'"***\-
95DF56	"pKI.'"***\-
95DF57	"oKI.'"***\-
95DF58	"|YY"**5*2*
95DF59	"mKI.'"***\-
95DF5A	"lKI.'"***\-
95DF5B	"kKI.'"***\-
95DF5C	"jKI.'"***\-
95DF5D	"iKI.'"***\-
95DF5E	"hKI.'"***\-
95DF5F	"gKI.'"***\-
95DF60	"fKI.'"***\-
95DF61	"eKI.'"***\-
95DF62	"b_~U"+**5*
95DF63	"l/-+"***9-
95DF64	"l/-+"***8-
95DF65	"l/-+"***7-
95DF66	"l/-+"***6-
95DF67	"l/-+"***5-
95DF68	"l/-+"***4-
95DF69	"l/-+"***3-
95DF6A	"l/-+"***2-
95DF6B	"l/-+"***1-
95DF6C	"l/-+"***
95DF6D	"l/-+"***1+
95DF6E	"l/-+"***2+
95DF6F	"l/-+"***3+
95DF70	"l/-+"***4+
95DF71	"l/-+"***5+
95DF72	"l/-+"***6+
95DF73	"l/-+"***7+
95DF74	"l/-+"***8+
95DF75	"G9~;'"*+**
95DF76	"PKI.'"***\-
95DF77	"OKI.'"***\-
95DF78	"NKI.'"***\-
95DF79	"MKI.'"***\-
95DF7A	"LKI.'"***\-
95DF7B	"KKI.'"***\-
95DF7C	"JKI.'"***\-
95DF7D	"IKI.'"***\-
95DF7E	"HKI.'"***\-
95DF7F	"GKI.'"***\-
95DF80	"gPt!"+**8*
95DF81	"EKI.'"***\-
95DF82	"DKI.'"***\-
95DF83	"CKI.'"***\-
95DF84	"BKI.'"***\-
95DF85	"AKI.'"***\-
95DF86	"@KI.'"***\-
95DF87	"?KI.'"***\-
95DF88	">KI.'"***\-
95DF89	"=KI.'"***\-
95DF8A	"<KI.'"***\-
95DF8B	";KI.'"***\-
95DF8C	":KI.'"***\-
95DF8D	"9KI.'"***\-
95DF8E	"8KI.'"***\-
95DF8F	"7KI.'"***\-
95DF90	"6KI.'"***\-
95DF91	"5KI.'"***\-
95DF92	"4KI.'"***\-
95DF93	"3KI.'"***\-
95DF94	"2KI.'"***\-
95DF95	"1KI.'"***\-
95DF96	"0KI.'"***\-
95DF97	"/KI.'"***\-
95DF98	".KI.'"***\-
95DF99	"-KI.'"***\-
95DF9A	",KI.'"***\-
95DF9B	"+KI.'"***\-
95DF9C	"*KI.'"***\-
95DF9D	")KI.'"***\-
95DF9E	"(KI.'"***\-
95DF9F	"'KI.'"***\-
95DFA0	"\vff"**+8*
95DFA1	"%KI.'"***\-
95DFA2	"$KI.'"***\-
95DFA3	"#KI.'"***\-
95DFA4	"\mX  "***\-
95DFA5	"!KI.'"***\-
95DFA6	" KI.'"***\-
95DFA7	"YmX  "***\-
95DFA8	"n~|w"*+*6*
95DFA9	"WmX  "***\-
95DFAA	"VmX  "***\-
95DFAB	"a~}Y"*+*9*
95DFAC	"TmX  "***\-
95DFAD	"SmX  "***\-
95DFAE	"m{yn"**\-6*
95DFAF	"QmX  "***\-
95DFB0	"PmX  "***\-
95DFB1	"OmX  "***\-
95DFB2	"NmX  "***\-
95DFB3	"MmX  "***\-
95DFB4	"l{yn"**\-6*
95DFB5	"KmX  "***\-
95DFB6	"JmX  "***\-
95DFB7	"ImX  "***\-
95DFB8	"_vff"**+8*
95DFB9	"GmX  "***\-
95DFBA	"k{yn"**\-6*
95DFBB	"EmX  "***\-
95DFBC	"DmX  "***\-
95DFBD	"KI.'"***9-
95DFBE	"KI.'"***8-
95DFBF	"KI.'"***7-
95DFC0	"KI.'"***6-
95DFC1	"KI.'"***5-
95DFC2	"KI.'"***4-
95DFC3	"KI.'"***3-
95DFC4	"KI.'"***2-
95DFC5	"KI.'"***1-
95DFC6	"KI.'"***
95DFC7	"KI.'"***1+
95DFC8	"KI.'"***2+
95DFC9	"KI.'"***3+
95DFCA	"KI.'"***4+
95DFCB	"KI.'"***5+
95DFCC	"KI.'"***6+
95DFCD	"KI.'"***7+
95DFCE	"KI.'"***8+
95DFCF	"KI.'"***9+
95DFD0	"bvff"**+8*
95DFD1	"/mX  "***\-
95DFD2	"g{yn"**\-6*
95DFD3	"-mX  "***\-
95DFD4	",mX  "***\-
95DFD5	"+mX  "***\-
95DFD6	"*mX  "***\-
95DFD7	")mX  "***\-
95DFD8	"cvff"**+8*
95DFD9	"'mX  "***\-
95DFDA	"&mX  "***\-
95DFDB	"%mX  "***\-
95DFDC	"$mX  "***\-
95DFDD	"#mX  "***\-
95DFDE	"r|.*)"***\-
95DFDF	"yU~A"+**5*
95DFE0	" ~t`"**+7*
95DFE1	"o|.*)"***\-
95DFE2	"n|.*)"***\-
95DFE3	"m|.*)"***\-
95DFE4	"l|.*)"***\-
95DFE5	"k|.*)"***\-
95DFE6	"j|.*)"***\-
95DFE7	"g9~q"+**7*
95DFE8	"evff"**+8*
95DFE9	"g|.*)"***\-
95DFEA	"f|.*)"***\-
95DFEB	"e|.*)"***\-
95DFEC	"d|.*)"***\-
95DFED	"c|.*)"***\-
95DFEE	"b|.*)"***\-
95DFEF	"a|.*)"***\-
95DFF0	"fvff"**+8*
95DFF1	"_|.*)"***\-
95DFF2	"^|.*)"***\-
95DFF3	"]|.*)"***\-
95DFF4	"\|.*)"***\-
95DFF5	"#~t`"**+7*
95DFF6	"Z|.*)"***\-
95DFF7	"mX  "***9-
95DFF8	"gvff"**+8*
95DFF9	"mX  "***7-
95DFFA	"mX  "***6-
95DFFB	"mX  "***5-
95DFFC	"$~t`"**+7*
95DFFD	"mX  "***3-
95DFFE	"mX  "***2-
95DFFF	"mX  "***1-
