39B000	"hG@"**8*
39B001	"C~sE"*+*7*
39B002	"R~kU"*+*5*
39B003	"hG@"**8*3+
39B004	"hG@"**8*4+
39B005	"hG@"**8*5+
39B006	"hG@"**8*6+
39B007	"g~oA"*+*5*
39B008	"ta0"**8-7*
39B009	"hG@"**8*9+
39B00A	"ta8"**9-6*
39B00B	"R~kU"*+*5*9+
39B00C	"a~y>"**\-4*
39B00D	"!xvY"**\-3*
39B00E	"hG@"**8*5+9+
39B00F	"ta0"**7-7*
39B010	"ta8"**8-6*
39B011	"}s~h!"++**
39B012	"hG@"**8*9+9+
39B013	"1{m^"**\-3*
39B014	"_~y>"**\-4*
39B015	"ta0"**7-7*6+
39B016	"~U~~e"++**
39B017	"kY~~p!"+++**
39B018	"hG@"**3+8*
39B019	"/{m^"**\-3*
39B01A	"}s~h!"++**9+
39B01B	"#rcC"**\-5*
39B01C	"taT"**9-4*
39B01D	"ta0"**5-7*
39B01E	"~|g~~,"++**+
39B01F	"vY("**9-9*
39B020	"taT"**8-4*
39B021	"!G4  "***+
39B022	"ta8"**5-6*
39B023	"#G4  "***+
39B024	"taT"**7-4*
39B025	"tpa"**9-3*
39B026	"&G4  "***+
39B027	"'G4  "***+
39B028	"\~ut"*+*3*
39B029	")G4  "***+
39B02A	"*G4  "***+
39B02B	"tpa"**7-3*
39B02C	"taT"**5-4*
39B02D	"-G4  "***+
39B02E	"tpa"**6-3*
39B02F	"/G4  "***+
39B030	"taT"**4-4*
39B031	"tpa"**5-3*
39B032	"ta0"**2-7*
39B033	"3G4  "***+
39B034	"tpa"**4-3*
39B035	"5G4  "***+
39B036	"6G4  "***+
39B037	"tpa"**3-3*
39B038	"taT"**2-4*
39B039	"ta0"**1-7*
39B03A	"tpa"**2-3*
39B03B	"tpa"**3*5-
39B03C	"taT"**1-4*
39B03D	"tpa"**1-3*
39B03E	"tpa"**3*2-
39B03F	"tpa"**3*1-
39B040	"tpa"**3*
39B041	"tpa"**3*1+
39B042	"tpa"**3*2+
39B043	"tpa"**1+3*
39B044	"taT"**1+4*
39B045	"tpa"**3*5+
39B046	"tpa"**2+3*
39B047	"ta0"**1+7*
39B048	"taT"**2+4*
39B049	"tpa"**3+3*
39B04A	"JG4  "***+
39B04B	"KG4  "***+
39B04C	"tpa"**4+3*
39B04D	"vYH"**7-5*
39B04E	"ta0"**2+7*
39B04F	"tpa"**5+3*
39B050	"taT"**4+4*
39B051	"yC-&!"***\-
39B052	"tpa"**6+3*
39B053	"wC-&!"***\-
39B054	"taT"**5+4*
39B055	"tpa"**7+3*
39B056	"tC-&!"***\-
39B057	"vYH"**5-5*
39B058	"tpa"**8+3*
39B059	"qC-&!"***\-
39B05A	"pC-&!"***\-
39B05B	"tpa"**9+3*
39B05C	"taT"**7+4*
39B05D	"mC-&!"***\-
39B05E	"xvY"**6-3*
39B05F	"kC-&!"***\-
39B060	"taT"**8+4*
39B061	"xvY"**5-3*
39B062	"hC-&!"***\-
39B063	"ta0"**5+7*
39B064	"xvY"**4-3*
39B065	"eC-&!"***\-
39B066	"vYH"**2-5*
39B067	"xvY"**3-3*
39B068	"vZY"**2-4*
39B069	"xvY"**3*7-
39B06A	"xvY"**2-3*
39B06B	"vYH"**1-5*
39B06C	"vZY"**1-4*
39B06D	"xvY"**1-3*
39B06E	"xvY"**3*2-
39B06F	"xvY"**3*1-
39B070	"xvY"**3*
39B071	"ta0"**7+7*
39B072	"xvY"**3*2+
39B073	"xvY"**1+3*
39B074	"vZY"**1+4*
39B075	"vYH"**1+5*
39B076	"xvY"**2+3*
39B077	"xvY"**3*7+
39B078	"vZY"**2+4*
39B079	"xvY"**3+3*
39B07A	"vYH"**2+5*
39B07B	"OC-&!"***\-
39B07C	"xvY"**4+3*
39B07D	"eS,)"***4/
39B07E	"LC-&!"***\-
39B07F	"xvY"**5+3*
39B080	"vZY"**4+4*
39B081	"IC-&!"***\-
39B082	"uk~~2"++**
39B083	"GC-&!"***\-
39B084	"vZY"**5+4*
39B085	"xvY"**7+3*
39B086	"~t_1"**+7*
39B087	"}GG"**6*7-
39B088	"xvY"**8+3*
39B089	"vYH"**5+5*
39B08A	"}GG"**6*4-
39B08B	"xvY"**9+3*
39B08C	"vZY"**7+4*
39B08D	"}GG"**6*1-
39B08E	"}GG"**6*
39B08F	"}GG"**6*1+
39B090	"vZY"**8+4*
39B091	"{m^"**7-3*
39B092	"}GG"**6*4+
39B093	"vYH"**7+5*
39B094	"~~x~{"+*+*
39B095	"}GG"**6*7+
39B096	"}GG"**6*8+
39B097	"{m^"**5-3*
39B098	"vYH"**8+5*
39B099	"1C-&!"***\-
39B09A	"{m^"**4-3*
39B09B	"/C-&!"***\-
39B09C	".C-&!"***\-
39B09D	"{m^"**3-3*
39B09E	"{m^"**3*8-
39B09F	"{m^"**3*7-
39B0A0	"{m^"**2-3*
39B0A1	"{m^"**3*5-
39B0A2	"~|[C"**+5*
39B0A3	"{m^"**1-3*
39B0A4	"{m^"**3*2-
39B0A5	"{m^"**3*1-
39B0A6	"{m^"**3*
39B0A7	"rcC"**7-5*
39B0A8	"vY-"**7+8*
39B0A9	"{m^"**1+3*
39B0AA	"{m^"**3*4+
39B0AB	"{m^"**3*5+
39B0AC	"{m^"**2+3*
39B0AD	"{m^"**3*7+
39B0AE	"{m^"**3*8+
39B0AF	"{m^"**3+3*
39B0B0	"~v[,"**+8*
39B0B1	"rcC"**5-5*
39B0B2	"{m^"**4+3*
39B0B3	"{m^"**3*4+9+
39B0B4	"n~|y"**\-2*
39B0B5	"{m^"**5+3*
39B0B6	"rcC"**4-5*
39B0B7	"*sM="**\-7*
39B0B8	"{m^"**6+3*
39B0B9	"~v[,"**+8*9+
39B0BA	"k~|y"**\-2*
39B0BB	"{m^"**7+3*
39B0BC	"j~|y"**\-2*
39B0BD	"{m^"**5+3*8+
39B0BE	"{m^"**8+3*
39B0BF	"rcC"**4-5*9+
39B0C0	"dDj!"+**4*
39B0C1	"{m^"**9+3*
39B0C2	"C-&!"***8-
39B0C3	"C-&!"***7-
39B0C4	"}GG"**9+6*
39B0C5	"rcC"**1-5*
39B0C6	"C-&!"***4-
39B0C7	"C-&!"***3-
39B0C8	"jJ~s"+**2*
39B0C9	"C-&!"***1-
39B0CA	"rcC"**5*
39B0CB	"C-&!"***1+
39B0CC	"C-&!"***2+
39B0CD	"C-&!"***3+
39B0CE	"C-&!"***4+
39B0CF	"rcC"**1+5*
39B0D0	"hSI"**6*
39B0D1	"C-&!"***7+
39B0D2	"C-&!"***8+
39B0D3	"~[GA"**+9*
39B0D4	"rcC"**2+5*
39B0D5	"gG/!"***3/
39B0D6	"{m/"**8+6*
39B0D7	"hSI"**6*7+
39B0D8	"SNI"**1+8*
39B0D9	"rcC"**3+5*
39B0DA	"[~|y"**\-2*
39B0DB	"fe~~s"++**7-
39B0DC	"{m/"**9+6*
39B0DD	"fe~~s"++**5-
39B0DE	"rcC"**4+5*
39B0DF	"4wwY"**\-3*
39B0E0	"\~vV"*+*4*
39B0E1	"$sM="**\-7*
39B0E2	"fe~~s"++**
39B0E3	"rcC"**5+5*
39B0E4	"V~|y"**\-2*
39B0E5	"m^)"**7+9*
39B0E6	"U~|y"**\-2*
39B0E7	"fe~~s"++**5+
39B0E8	"b~sB"*+*5*
39B0E9	"fe~~s"++**7+
39B0EA	" C-&!"***+
39B0EB	"!C-&!"***+
39B0EC	"R~|y"**\-2*
39B0ED	"k%~A"+**5*
39B0EE	"c_C"**6+6*
39B0EF	"%C-&!"***+
39B0F0	"SNI"**4+8*
39B0F1	"'C-&!"***+
39B0F2	"rcC"**8+5*
39B0F3	")C-&!"***+
39B0F4	"~k\@"**+6*
39B0F5	"+C-&!"***+
39B0F6	",C-&!"***+
39B0F7	"us~z!"++**
39B0F8	"SNI"**5+8*
39B0F9	"/C-&!"***+
39B0FA	"c_C"**8+6*
39B0FB	"1C-&!"***+
39B0FC	"2C-&!"***+
39B0FD	"O?5+"***3/
39B0FE	"4C-&!"***+
39B0FF	"5C-&!"***+
39B100	"`~o:"*+*6*
39B101	"7C-&!"***+
39B102	"8C-&!"***+
39B103	"9C-&!"***+
39B104	"w^~~V"++**
39B105	";C-&!"***+
39B106	"hSI"**9+6*
39B107	"=C-&!"***+
39B108	"SNI"**7+8*
39B109	"rC7"**7+9*
39B10A	"@C-&!"***+
39B10B	"rg."**7-7*
39B10C	"~mUD"**+6*
39B10D	"CC-&!"***+
39B10E	"DC-&!"***+
39B10F	"EC-&!"***+
39B110	"~VRC"**+8*
39B111	"GC-&!"***+
39B112	"o~[="*+*6*
39B113	"}>8!!"***\-
39B114	"|>8!!"***\-
39B115	"{>8!!"***\-
39B116	"z>8!!"***\-
39B117	"y>8!!"***\-
39B118	"SNI"**9+8*
39B119	"I1v!"+**7*
39B11A	"v>8!!"***\-
39B11B	"rC7"**9+9*
39B11C	"t>8!!"***\-
39B11D	"s>8!!"***\-
39B11E	"r>8!!"***\-
39B11F	"q>8!!"***\-
39B120	"rg."**4-7*
39B121	"o>8!!"***\-
39B122	"n>8!!"***\-
39B123	"m>8!!"***\-
39B124	"aG="**7-9*
39B125	"k>8!!"***\-
39B126	"j>8!!"***\-
39B127	"rg."**3-7*
39B128	"h>8!!"***\-
39B129	"g>8!!"***\-
39B12A	",{m^"**+3*
39B12B	"e>8!!"***\-
39B12C	"d>8!!"***\-
39B12D	"aG="**6-9*
39B12E	"rg."**2-7*
39B12F	"a>8!!"***\-
39B130	"`>8!!"***\-
39B131	"_>8!!"***\-
39B132	"^>8!!"***\-
39B133	"]/~/"+**5*
39B134	"rg."**7*8-
39B135	"rg."**1-7*
39B136	"aG="**5-9*
39B137	"rg."**7*5-
39B138	"rg."**7*4-
39B139	"rg."**7*3-
39B13A	"rg."**7*2-
39B13B	"rg."**7*1-
39B13C	"rg."**7*
39B13D	"rg."**7*1+
39B13E	"rg."**7*2+
39B13F	"aG="**4-9*
39B140	"rg."**7*4+
39B141	"rg."**7*5+
39B142	"rg."**7*6+
39B143	"rg."**1+7*
39B144	"rg."**7*8+
39B145	"rg."**7*9+
39B146	"J>8!!"***\-
39B147	"I>8!!"***\-
39B148	"f~YD"*+*6*
39B149	"G>8!!"***\-
39B14A	"R~[G"*+*7*
39B14B	"7{m^"**+3*
39B14C	"D>8!!"***\-
39B14D	"C>8!!"***\-
39B14E	"8{m^"**+3*
39B14F	"A>8!!"***\-
39B150	"y]*"**8-8*
39B151	"i~ok"*+*3*
39B152	">>8!!"***\-
39B153	"=>8!!"***\-
39B154	":{m^"**+3*
39B155	";>8!!"***\-
39B156	":>8!!"***\-
39B157	";{m^"**+3*
39B158	"k~k."*+*7*
39B159	"7>8!!"***\-
39B15A	"|y*"**9-6*
39B15B	"aG="**9*8-
39B15C	"aG="**9*7-
39B15D	"aG="**9*6-
39B15E	"aG="**9*5-
39B15F	"rg."**5+7*
39B160	"wwY"**9-3*
39B161	"aG="**9*2-
39B162	"aG="**9*1-
39B163	"aG="**9*
39B164	"aG="**9*1+
39B165	"aG="**9*2+
39B166	"wwY"**7-3*
39B167	"aG="**9*4+
39B168	"aG="**9*5+
39B169	"wwY"**6-3*
39B16A	"aG="**9*7+
39B16B	"aG="**9*8+
39B16C	"wwY"**5-3*
39B16D	"rg."**7+7*
39B16E	"qF~q"+**3-2*
39B16F	"wwY"**4-3*
39B170	"~y>"**8-4*
39B171	">~Y%%"**+*2/
39B172	"wwY"**3-3*
39B173	"wwY"**3*8-
39B174	"qF~q"+**2*
39B175	"wwY"**2-3*
39B176	"wwY"**3*5-
39B177	"wwY"**3*4-
39B178	"wwY"**1-3*
39B179	"{t5"**7-5*
39B17A	"wwY"**3*1-
39B17B	"wwY"**3*
39B17C	"~y>"**5-4*
39B17D	"wwY"**3*2+
39B17E	"~|y"**9-2*
39B17F	"wwY"**3*4+
39B180	"~|y"**8-2*
39B181	"wwY"**2+3*
39B182	"~|y"**7-2*
39B183	"{t5"**5-5*
39B184	"~|y"**6-2*
39B185	"~y>"**5-4*9+
39B186	"~|y"**5-2*
39B187	"~|~t"+**9-
39B188	"~|~t"+**8-
39B189	"~|~t"+**7-
39B18A	"~|~t"+**6-
39B18B	"~|~t"+**5-
39B18C	"~|~t"+**4-
39B18D	"~|~t"+**3-
39B18E	"~|~t"+**2-
39B18F	"~|~t"+**1-
39B190	"~|~t"+**
39B191	"~|~t"+**1+
39B192	"~|~t"+**2+
39B193	"~|~t"+**3+
39B194	"~|~t"+**4+
39B195	"~|~t"+**5+
39B196	"~|~t"+**6+
39B197	"~|~t"+**7+
39B198	"~|~t"+**8+
39B199	"~|~t"+**9+
39B19A	"~|y"**5+2*
39B19B	"{t5"**5*1-
39B19C	"{t5"**5*
39B19D	"{t5"**5*1+
39B19E	"~|y"**7+2*
39B19F	"|yT"**5+3*
39B1A0	"zh~~."++**
39B1A1	"{t5"**1+5*
39B1A2	"~|y"**9+2*
39B1A3	"{t5"**5*7+
39B1A4	"~ykI"**+4*
39B1A5	"|yT"**7+3*
39B1A6	"{t5"**2+5*
39B1A7	"zh~~."++**7+
39B1A8	"|yT"**8+3*
39B1A9	"zh~~."++**9+
39B1AA	"l}}y"**\-2*
39B1AB	"|yT"**9+3*
39B1AC	"eb~A"+**2*
39B1AD	"~ykI"**+4*9+
39B1AE	"|y*"**5+6*
39B1AF	"{t5"**2+5*9+
39B1B0	"~y>"**8+4*
39B1B1	"!>8!!"***+
39B1B2	"h}}y"**\-2*
39B1B3	"wY3"**8+7*
39B1B4	"~y>"**9+4*
39B1B5	"{t5"**5+5*
39B1B6	"&>8!!"***+
39B1B7	"'>8!!"***+
39B1B8	"~yG7"**+8*
39B1B9	")>8!!"***+
39B1BA	"i~z:"*+*5*
39B1BB	"+>8!!"***+
39B1BC	",>8!!"***+
39B1BD	"~yY'"**+9*
39B1BE	".>8!!"***+
39B1BF	"{t5"**7+5*
39B1C0	"|y*"**8+6*
39B1C1	"|y$"**7+7*
39B1C2	"2>8!!"***+
39B1C3	"3>8!!"***+
39B1C4	"a~vA"*+*5*
39B1C5	"5>8!!"***+
39B1C6	"|y*"**9+6*
39B1C7	"7>8!!"***+
39B1C8	"|y$"**8+7*
39B1C9	"{t5"**9+5*
39B1CA	":>8!!"***+
39B1CB	";>8!!"***+
39B1CC	"<>8!!"***+
39B1CD	"=>8!!"***+
39B1CE	">>8!!"***+
39B1CF	"~qQ;"**+7*
39B1D0	"@>8!!"***+
39B1D1	"A>8!!"***+
39B1D2	"B>8!!"***+
39B1D3	"C>8!!"***+
39B1D4	"hY+&"***4/
39B1D5	"E>8!!"***+
39B1D6	"sM="**7*7-
39B1D7	"G>8!!"***+
39B1D8	"x~K-"*+*9*
39B1D9	"I>8!!"***+
39B1DA	"J>8!!"***+
39B1DB	"K>8!!"***+
39B1DC	"L>8!!"***+
39B1DD	"sM="**7*
39B1DE	"N>8!!"***+
39B1DF	"O>8!!"***+
39B1E0	"P>8!!"***+
39B1E1	"|M,"**9+9*
39B1E2	"R>8!!"***+
39B1E3	"S>8!!"***+
39B1E4	"sM="**1+7*
39B1E5	"U>8!!"***+
39B1E6	"V>8!!"***+
39B1E7	"W>8!!"***+
39B1E8	"X>8!!"***+
39B1E9	"Y>8!!"***+
39B1EA	"O~v,"*+*9*
39B1EB	"sM="**2+7*
39B1EC	"\>8!!"***+
39B1ED	"m]~~y"++**
39B1EE	"^>8!!"***+
39B1EF	"_>8!!"***+
39B1F0	"`>8!!"***+
39B1F1	"a>8!!"***+
39B1F2	"sM="**3+7*
39B1F3	"c>8!!"***+
39B1F4	"d>8!!"***+
39B1F5	"e>8!!"***+
39B1F6	"f>8!!"***+
39B1F7	"g>8!!"***+
39B1F8	"h>8!!"***+
39B1F9	"sM="**4+7*
39B1FA	"j>8!!"***+
39B1FB	"k>8!!"***+
39B1FC	"l>8!!"***+
39B1FD	"m>8!!"***+
39B1FE	"n>8!!"***+
39B1FF	"o>8!!"***+
39B200	"pP~U"+**2*
39B201	"q>8!!"***+
39B202	"r>8!!"***+
39B203	"s>8!!"***+
39B204	"t>8!!"***+
39B205	"u>8!!"***+
39B206	"v>8!!"***+
39B207	"sM="**6+7*
39B208	"x>8!!"***+
39B209	"y>8!!"***+
39B20A	"g~XR"*+*5*
39B20B	"{>8!!"***+
39B20C	"|>8!!"***+
39B20D	"}>8!!"***+
39B20E	"~~wS"*+*3*
39B20F	"1|k9"**\-5*
39B210	"tt~z!"++**
39B211	"Q|k_"**\-3*
39B212	"8}}y"**\-2*
39B213	"g~XR"*+*5*9+
39B214	"nf~~U"++**
39B215	"sM="**8+7*
39B216	"6}}y"**\-2*
39B217	"O|k_"**\-3*
39B218	"5}}y"**\-2*
39B219	"/|k9"**\-5*
39B21A	"4}}y"**\-2*
39B21B	"nf~~U"++**7+
39B21C	"sM="**9+7*
39B21D	"M|k_"**\-3*
39B21E	"2}}y"**\-2*
39B21F	"sM="**9+7*3+
39B220	"r~JI"*+*6*
39B221	"sM="**9+7*5+
39B222	"0}}y"**\-2*
39B223	"K|k_"**\-3*
39B224	"/}}y"**\-2*
39B225	"sM="**9+7*9+
39B226	".}}y"**\-2*
39B227	"r~JI"*+*6*7+
39B228	"j[1"**9-8*
39B229	"I|k_"**\-3*
39B22A	",}}y"**\-2*
39B22B	"j[1"**9-8*3+
39B22C	"+}}y"**\-2*
39B22D	"+|k9"**\-5*
39B22E	"*}}y"**\-2*
39B22F	"G|k_"**\-3*
39B230	"j[1"**8-8*
39B231	"p[5"**9-7*
39B232	"(}}y"**\-2*
39B233	"j[1"**8-8*3+
39B234	"'}}y"**\-2*
39B235	"E|k_"**\-3*
39B236	"&}}y"**\-2*
39B237	")|k9"**\-5*
39B238	"G~}F"*+*6*
39B239	"j[1"**8-8*9+
39B23A	"$}}y"**\-2*
39B23B	"C|k_"**\-3*
39B23C	"#}}y"**\-2*
39B23D	"G~}F"*+*6*5+
39B23E	"W~|y"**+2*
39B23F	"p[5"**7-7*
39B240	"XRb!"+**4*
39B241	"A|k_"**\-3*
39B242	" }}y"**\-2*
39B243	"p[5"**7-7*4+
39B244	"Z~|y"**+2*
39B245	"p[5"**7-7*6+
39B246	"p[5"**6-7*
39B247	"?|k_"**\-3*
39B248	"v~_S"*+*4*
39B249	"XRb!"+**4*9+
39B24A	"]~|y"**+2*
39B24B	"%|k9"**\-5*
39B24C	"jb["**9-4*
39B24D	"p[5"**5-7*
39B24E	"_~|y"**+2*
39B24F	"p[5"**6-7*9+
39B250	"xs~s!"++**
39B251	"v~_S"*+*4*9+
39B252	"a~|y"**+2*
39B253	";|k_"**\-3*
39B254	"jb["**7-4*
39B255	"}y2"**9-5*
39B256	"uq~}#"++**
39B257	"_~|y"**+2*9+
39B258	"jb["**6-4*
39B259	"9|k_"**\-3*
39B25A	"}y2"**8-5*
39B25B	"p[5"**3-7*
39B25C	"jb["**5-4*
39B25D	"}5/.!"***\-
39B25E	"g~|y"**+2*
39B25F	"}y2"**7-5*
39B260	"jb["**4-4*
39B261	"y5/.!"***\-
39B262	"aYI"**6-6*
39B263	"w5/.!"***\-
39B264	"jb["**3-4*
39B265	"u5/.!"***\-
39B266	"k~|y"**+2*
39B267	"jb["**4*9-
39B268	"~vZY"**+4*
39B269	"jb["**4*7-
39B26A	"jb["**4*6-
39B26B	"jb["**4*5-
39B26C	"jb["**1-4*
39B26D	"jb["**4*3-
39B26E	"}y2"**4-5*
39B26F	"jb["**4*1-
39B270	"jb["**4*
39B271	"g~C;"*+*9*
39B272	"}}y"**8-2*
39B273	"}y2"**3-5*
39B274	"}}y"**7-2*
39B275	"jb["**4*5+
39B276	"}}y"**6-2*
39B277	"p[5"**1+7*
39B278	"}}y"**5-2*
39B279	"}}~t"+**9-
39B27A	"}}~t"+**8-
39B27B	"}}~t"+**7-
39B27C	"}}~t"+**6-
39B27D	"}}~t"+**5-
39B27E	".~C##"**+*
39B27F	"}}~t"+**3-
39B280	"}}~t"+**2-
39B281	"}}~t"+**1-
39B282	"}}~t"+**
39B283	"}}~t"+**1+
39B284	"}}~t"+**2+
39B285	"}}~t"+**3+
39B286	"aYI"**6*
39B287	"}}~t"+**5+
39B288	"}}~t"+**6+
39B289	"}}~t"+**7+
39B28A	"}}~t"+**8+
39B28B	"}}~t"+**9+
39B28C	"~~|~s"+*+*
39B28D	"aYI"**6*7+
39B28E	"}}y"**6+2*
39B28F	"aYI"**6*9+
39B290	"}}y"**7+2*
39B291	"}y2"**3+5*
39B292	"}}y"**8+2*
39B293	"p[5"**5+7*
39B294	"}}y"**9+2*
39B295	"E~YC"*+*9*
39B296	"}y2"**4+5*
39B297	"C5/.!"***\-
39B298	"aYI"**3+6*
39B299	"A5/.!"***\-
39B29A	"p[5"**6+7*
39B29B	"}y2"**5+5*
39B29C	">5/.!"***\-
39B29D	"=5/.!"***\-
39B29E	"aYI"**4+6*
39B29F	";5/.!"***\-
39B2A0	"}y2"**6+5*
39B2A1	"W~OM"*+*7*
39B2A2	"85/.!"***\-
39B2A3	"75/.!"***\-
39B2A4	"~qRD"**+6*
39B2A5	"}y2"**7+5*
39B2A6	"45/.!"***\-
39B2A7	"u?9"**4-9*
39B2A8	"p[5"**8+7*
39B2A9	"15/.!"***\-
39B2AA	"}y2"**8+5*
39B2AB	"/5/.!"***\-
39B2AC	".5/.!"***\-
39B2AD	"-5/.!"***\-
39B2AE	",5/.!"***\-
39B2AF	"}y2"**9+5*
39B2B0	"aYI"**7+6*
39B2B1	")5/.!"***\-
39B2B2	"(5/.!"***\-
39B2B3	"'5/.!"***\-
39B2B4	"&5/.!"***\-
39B2B5	"%5/.!"***\-
39B2B6	"aYI"**8+6*
39B2B7	"#5/.!"***\-
39B2B8	"j[1"**9+8*
39B2B9	"u?9"**2-9*
39B2BA	"g~{z"**\-2*
39B2BB	"]I(%#"***\-
39B2BC	"aYI"**9+6*
39B2BD	"uQ9"**2-7*
39B2BE	"vU~~}"++**
39B2BF	"YI(%#"***\-
39B2C0	"XI(%#"***\-
39B2C1	"WI(%#"***\-
39B2C2	"u?9"**1-9*
39B2C3	"uQ9"**7*8-
39B2C4	"uQ9"**1-7*
39B2C5	"uQ9"**7*6-
39B2C6	"uQ9"**7*5-
39B2C7	"qm~~7"++**
39B2C8	"uQ9"**7*3-
39B2C9	"uQ9"**7*2-
39B2CA	"uQ9"**7*1-
39B2CB	"uQ9"**7*
39B2CC	"uQ9"**7*1+
39B2CD	"uQ9"**7*2+
39B2CE	"k_>"**9-6*
39B2CF	"uQ9"**7*4+
39B2D0	"uQ9"**7*5+
39B2D1	"5/.!"***9-
39B2D2	"uQ9"**1+7*
39B2D3	"5/.!"***7-
39B2D4	"k_>"**8-6*
39B2D5	"5/.!"***5-
39B2D6	"5/.!"***4-
39B2D7	"|k9"**9-5*
39B2D8	"hg~~e"++**
39B2D9	"uQ9"**2+7*
39B2DA	"5/.!"***
39B2DB	"5/.!"***1+
39B2DC	"|k9"**8-5*
39B2DD	"u?9"**2+9*
39B2DE	"5/.!"***4+
39B2DF	"5/.!"***5+
39B2E0	"w`~~O"++**
39B2E1	"|k9"**7-5*
39B2E2	"5/.!"***8+
39B2E3	"5/.!"***9+
39B2E4	"k_]"**8-4*
39B2E5	"3I(%#"***\-
39B2E6	"Z~]Y"*+*5*
39B2E7	"uQ9"**4+7*
39B2E8	"k_]"**7-4*
39B2E9	"|k_"**9-3*
39B2EA	".I(%#"***\-
39B2EB	"|k9"**5-5*
39B2EC	"|k_"**8-3*
39B2ED	"+I(%#"***\-
39B2EE	"uQ9"**5+7*
39B2EF	"|k_"**7-3*
39B2F0	"n~tI"*+*4*
39B2F1	"'I(%#"***\-
39B2F2	"|k_"**6-3*
39B2F3	"%I(%#"***\-
39B2F4	"k_]"**4-4*
39B2F5	"|k_"**5-3*
39B2F6	"I~{z"**\-2*
39B2F7	"!I(%#"***\-
39B2F8	"|k_"**4-3*
39B2F9	"}~}~s"+*+*6-
39B2FA	"|k9"**2-5*
39B2FB	"|k_"**3-3*
39B2FC	"k_]"**2-4*
39B2FD	"#5/.!"***+
39B2FE	"|k_"**2-3*
39B2FF	"}~}~s"+*+*
39B300	"k_]"**1-4*
39B301	"|k_"**1-3*
39B302	"(5/.!"***+
39B303	"uQ9"**8+7*
39B304	"|k_"**3*
39B305	"+5/.!"***+
39B306	",5/.!"***+
39B307	"|k_"**1+3*
39B308	"k_]"**1+4*
39B309	"|k9"**1+5*
39B30A	"|k_"**2+3*
39B30B	"|k_"**3*7+
39B30C	"k_]"**2+4*
39B30D	"|k_"**3+3*
39B30E	"|k9"**2+5*
39B30F	"I(%#"***9-
39B310	"|k_"**4+3*
39B311	"dJI"**1-7*
39B312	"I(%#"***6-
39B313	"|k_"**5+3*
39B314	"k_]"**4+4*
39B315	"I(%#"***3-
39B316	"|k_"**6+3*
39B317	"I(%#"***1-
39B318	"dJI"**7*
39B319	"|k_"**7+3*
39B31A	"I(%#"***2+
39B31B	"I(%#"***3+
39B31C	"|k_"**8+3*
39B31D	"|k9"**5+5*
39B31E	"I(%#"***6+
39B31F	"|k_"**9+3*
39B320	"k_]"**7+4*
39B321	"I(%#"***9+
39B322	"vmb"**6-3*
39B323	"e=*)$"***\-
39B324	"k_]"**8+4*
39B325	"vmb"**5-3*
39B326	"dJI"**2+7*
39B327	"|k9"**7+5*
39B328	"vmb"**4-3*
39B329	"_=*)$"***\-
39B32A	"^=*)$"***\-
39B32B	"vmb"**3-3*
39B32C	"q^Y"**3-4*
39B32D	"dJI"**3+7*
39B32E	"vmb"**2-3*
39B32F	"vmb"**3*5-
39B330	"q^Y"**2-4*
39B331	"vmb"**1-3*
39B332	"vmb"**3*2-
39B333	"vmb"**3*1-
39B334	"vmb"**3*
39B335	"vmb"**3*1+
39B336	"ue@"**2-5*
39B337	"vmb"**1+3*
39B338	"q^Y"**4*
39B339	"vmb"**3*5+
39B33A	"vmb"**2+3*
39B33B	"ue@"**1-5*
39B33C	"q^Y"**1+4*
39B33D	"vmb"**3+3*
39B33E	"q^Y"**4*6+
39B33F	"q^Y"**4*7+
39B340	"xhe"**3*
39B341	"q^Y"**4*9+
39B342	">~/%#"**+*
39B343	"vmb"**5+3*
39B344	"q^Y"**3+4*
39B345	"ue@"**1+5*
39B346	"vmb"**6+3*
39B347	"xhe"**3*7+
39B348	"q^Y"**4+4*
39B349	"vmb"**7+3*
39B34A	"ue@"**2+5*
39B34B	"==*)$"***\-
39B34C	"vmb"**8+3*
39B34D	";=*)$"***\-
39B34E	"f}}y"**+2*
39B34F	"vmb"**9+3*
39B350	"q^Y"**6+4*
39B351	"7=*)$"***\-
39B352	"xhe"**6+3*
39B353	"5=*)$"***\-
39B354	"G~ym"*+*4*
39B355	"xhe"**7+3*
39B356	"j}}y"**+2*
39B357	"dJI"**9+7*
39B358	"xhe"**8+3*
39B359	"ue@"**5+5*
39B35A	"l}}y"**+2*
39B35B	"xhe"**9+3*
39B35C	"q^Y"**9+4*
39B35D	"+=*)$"***\-
39B35E	"M~e`"*+*5*
39B35F	"USC"**8*9-
39B360	"xeN"**8+4*
39B361	"USC"**8*7-
39B362	"USC"**8*6-
39B363	"ue@"**7+5*
39B364	"xeN"**9+4*
39B365	"vm*"**7+7*
39B366	"USC"**8*2-
39B367	"USC"**8*1-
39B368	"USC"**8*
39B369	"USC"**8*1+
39B36A	"vm1"**9+6*
39B36B	"USC"**8*3+
39B36C	"~{="**7-4*
39B36D	"~zR"**9-3*
39B36E	"USC"**8*6+
39B36F	"USC"**8*7+
39B370	"~zR"**8-3*
39B371	"USC"**8*9+
39B372	"x}}y"**+2*
39B373	"~zR"**7-3*
39B374	"y~}|"*+*2*
39B375	"R?1##"***\-
39B376	"~{z"**9-2*
39B377	"P?1##"***\-
39B378	"~{z"**8-2*
39B379	"~zR"**5-3*
39B37A	"~{z"**7-2*
39B37B	"L?1##"***\-
39B37C	"}~}x"*+*2*
39B37D	"J?1##"***\-
39B37E	"~}}y"**+2*
39B37F	"~{~v"+**9-
39B380	"~{~v"+**8-
39B381	"~{~v"+**7-
39B382	"~{~v"+**6-
39B383	"~{~v"+**5-
39B384	"~{~v"+**4-
39B385	"~{~v"+**3-
39B386	"~{~v"+**2-
39B387	"~{~v"+**1-
39B388	"~{~v"+**
39B389	"~{~v"+**1+
39B38A	"~{~v"+**2+
39B38B	"~{~v"+**3+
39B38C	"~{~v"+**4+
39B38D	"~{~v"+**5+
39B38E	"~{~v"+**6+
39B38F	"~{~v"+**7+
39B390	"~{~v"+**8+
39B391	"~{~v"+**9+
39B392	"~{z"**5+2*
39B393	"4?1##"***\-
39B394	"~{z"**6+2*
39B395	"7~}m"*+*5*
39B396	"~{z"**7+2*
39B397	"~zR"**5+3*
39B398	"~{z"**8+2*
39B399	".?1##"***\-
39B39A	"~{z"**9+2*
39B39B	",?1##"***\-
39B39C	"~{="**5+4*
39B39D	"~zR"**7+3*
39B39E	")?1##"***\-
39B39F	"qaE"**2-5*
39B3A0	"~zR"**8+3*
39B3A1	"sqa"**3*8-
39B3A2	"sqa"**3*7-
39B3A3	"~zR"**9+3*
39B3A4	"~{="**7+4*
39B3A5	"sqa"**3*4-
39B3A6	"gW~U"+**2*
39B3A7	"sqa"**3*2-
39B3A8	"~{="**8+4*
39B3A9	"sqa"**3*
39B3AA	"sqa"**3*1+
39B3AB	"{z$"**5+7*
39B3AC	"of~~R"++**
39B3AD	"sqa"**3*4+
39B3AE	"qaE"**1+5*
39B3AF	"sqa"**2+3*
39B3B0	"USC"**9+8*
39B3B1	"sqa"**3*8+
39B3B2	"sqa"**3+3*
39B3B3	"qaE"**2+5*
39B3B4	"OA+)!"***\-
39B3B5	"sqa"**4+3*
39B3B6	"MA+)!"***\-
39B3B7	"LA+)!"***\-
39B3B8	"sqa"**5+3*
39B3B9	"{z$"**7+7*
39B3BA	"IA+)!"***\-
39B3BB	"sqa"**6+3*
39B3BC	"GA+)!"***\-
39B3BD	"qaE"**4+5*
39B3BE	"]Q~}"+**2*
39B3BF	"?1##"***8-
39B3C0	"p\~~s"++**
39B3C1	"sqa"**8+3*
39B3C2	"qaE"**5+5*
39B3C3	"?1##"***4-
39B3C4	"sqa"**9+3*
39B3C5	"?1##"***2-
39B3C6	"?1##"***1-
39B3C7	"ii1"**7*
39B3C8	"{?="**8+8*
39B3C9	"?1##"***2+
39B3CA	"?1##"***3+
39B3CB	"?1##"***4+
39B3CC	"qaE"**7+5*
39B3CD	"?1##"***6+
39B3CE	"ii1"**1+7*
39B3CF	"?1##"***8+
39B3D0	"{?="**9+8*
39B3D1	"qaE"**8+5*
39B3D2	"%~{z"**+2*
39B3D3	"0A+)!"***\-
39B3D4	"&~{z"**+2*
39B3D5	"ii1"**2+7*
39B3D6	"qaE"**9+5*
39B3D7	",A+)!"***\-
39B3D8	"(~{z"**+2*
39B3D9	"{=8"**9+9*
39B3DA	")~{z"**+2*
39B3DB	"(A+)!"***\-
39B3DC	"[~dD"*+*6*
39B3DD	"&A+)!"***\-
39B3DE	"+~{z"**+2*
39B3DF	"$A+)!"***\-
39B3E0	"td~~J"++**
39B3E1	"Y=*)$"***+
39B3E2	"-~{z"**+2*
39B3E3	"ii1"**4+7*
39B3E4	"\=*)$"***+
39B3E5	"]=*)$"***+
39B3E6	"^=*)$"***+
39B3E7	" ?1##"***+
39B3E8	"!?1##"***+
39B3E9	"a=*)$"***+
39B3EA	"Y~\["*+*5*
39B3EB	"$?1##"***+
39B3EC	"%?1##"***+
39B3ED	"&?1##"***+
39B3EE	"'?1##"***+
39B3EF	"(?1##"***+
39B3F0	"~hG@"**+8*
39B3F1	"ii1"**6+7*
39B3F2	"+?1##"***+
39B3F3	",?1##"***+
39B3F4	"6~{z"**+2*
39B3F5	".?1##"***+
39B3F6	"/?1##"***+
39B3F7	"0?1##"***+
39B3F8	"ii1"**7+7*
39B3F9	"2?1##"***+
39B3FA	"A+)!"***9-
39B3FB	"A+)!"***8-
39B3FC	"|~y~}"+*+*
39B3FD	"wk!"**8-9*
39B3FE	"A+)!"***5-
39B3FF	"ii1"**8+7*
39B400	"A+)!"***3-
39B401	"A+)!"***2-
39B402	"A+)!"***1-
39B403	"A+)!"***
39B404	"A+)!"***1+
39B405	"A+)!"***2+
39B406	"~~y~y"+*+*
39B407	"A+)!"***4+
39B408	"A+)!"***5+
39B409	"A+)!"***6+
39B40A	"ea~C"+**2*
39B40B	"A+)!"***8+
39B40C	"A+)!"***9+
39B40D	"kc3"**8-7*
39B40E	"mS~S"+**2*
39B40F	"wk!"**6-9*
39B410	"I?1##"***+
39B411	"J?1##"***+
39B412	"K?1##"***+
39B413	"L?1##"***+
39B414	"kc3"**7-7*
39B415	"N?1##"***+
39B416	"O?1##"***+
39B417	"P?1##"***+
39B418	"j~oj"*+*3*
39B419	"R?1##"***+
39B41A	"S?1##"***+
39B41B	"kc3"**6-7*
39B41C	"U?1##"***+
39B41D	"V?1##"***+
39B41E	"W?1##"***+
39B41F	"X?1##"***+
39B420	"v~a("*+*8*
39B421	"wk!"**4-9*
39B422	"kc3"**5-7*
39B423	" A+)!"***+
39B424	"!A+)!"***+
39B425	"^?1##"***+
39B426	"#A+)!"***+
39B427	"$A+)!"***+
39B428	"%A+)!"***+
39B429	"kc3"**4-7*
39B42A	"u~yX"*+*3*
39B42B	"(A+)!"***+
39B42C	")A+)!"***+
39B42D	"wkc"**8-3*
39B42E	"+A+)!"***+
39B42F	",A+)!"***+
39B430	"wkc"**7-3*
39B431	".A+)!"***+
39B432	"/A+)!"***+
39B433	"wkc"**6-3*
39B434	"1A+)!"***+
39B435	"2A+)!"***+
39B436	"wkc"**5-3*
39B437	"kc3"**2-7*
39B438	"5A+)!"***+
39B439	"wkc"**4-3*
39B43A	"7A+)!"***+
39B43B	"8A+)!"***+
39B43C	"wkc"**3-3*
39B43D	":A+)!"***+
39B43E	"kc3"**1-7*
39B43F	"wkc"**2-3*
39B440	"J~sn"*+*4*
39B441	">A+)!"***+
39B442	"wkc"**1-3*
39B443	"@A+)!"***+
39B444	"AA+)!"***+
39B445	"wkc"**3*
39B446	"CA+)!"***+
39B447	"DA+)!"***+
39B448	"wkc"**1+3*
39B449	"FA+)!"***+
39B44A	"GA+)!"***+
39B44B	"wkc"**2+3*
39B44C	"kc3"**1+7*
39B44D	"JA+)!"***+
39B44E	"wkc"**3+3*
39B44F	"LA+)!"***+
39B450	"MA+)!"***+
39B451	"wkc"**4+3*
39B452	"OA+)!"***+
39B453	"kc3"**2+7*
39B454	"wkc"**5+3*
39B455	"RA+)!"***+
39B456	"SA+)!"***+
39B457	"wkc"**6+3*
39B458	"UA+)!"***+
39B459	"VA+)!"***+
39B45A	"wkc"**7+3*
39B45B	"XA+)!"***+
39B45C	"YA+)!"***+
39B45D	"wkc"**8+3*
39B45E	"[A+)!"***+
39B45F	"\A+)!"***+
39B460	"wkc"**9+3*
39B461	"kc3"**4+7*
39B462	"_A+)!"***+
39B463	"`A+)!"***+
39B464	"aA+)!"***+
39B465	"bA+)!"***+
39B466	"y~|S"*+*3*
39B467	"dA+)!"***+
39B468	"~jb["**+4*
39B469	"wk!"**4+9*
39B46A	"gA+)!"***+
39B46B	"hA+)!"***+
39B46C	"iA+)!"***+
39B46D	"jA+)!"***+
39B46E	"kA+)!"***+
39B46F	"kc3"**6+7*
39B470	"G~\G"*+*8*
39B471	"nA+)!"***+
39B472	"wk!"**5+9*
39B473	"pA+)!"***+
39B474	"gCh!"+**4*
39B475	"rA+)!"***+
39B476	"kc3"**7+7*
39B477	"tA+)!"***+
39B478	"|f~~/"++**
39B479	"vA+)!"***+
39B47A	"wA+)!"***+
39B47B	"m~q!"*+*9*
39B47C	"yA+)!"***+
39B47D	"kc3"**8+7*
39B47E	"{A+)!"***+
39B47F	"|A+)!"***+
39B480	"_~a2"*+*8*
39B481	"~A+)!"***+
39B482	"w}|z"**\-2*
39B483	"~V~~a"++**1-
39B484	"~V~~a"++**
39B485	"I~sY"*+*5*
39B486	"u}|z"**\-2*
39B487	")~sW"**\-3*
39B488	"k^/"**5-8*
39B489	"~V~~a"++**5+
39B48A	"o~XL"*+*5*
39B48B	"q~_1"*+*7*
39B48C	"k^^"**9-4*
39B48D	"wk!"**8+9*
39B48E	"q}|z"**\-2*
39B48F	"-|z2"**\-5*
39B490	"k^^"**8-4*
39B491	"k^/"**5-8*9+
39B492	"o}|z"**\-2*
39B493	"%~sW"**\-3*
39B494	"k^^"**7-4*
39B495	"k^^"**9-4*9+
39B496	"ra9"**9-6*
39B497	"k^^"**8-4*7+
39B498	"k^^"**6-4*
39B499	"#~sW"**\-3*
39B49A	"k}|z"**\-2*
39B49B	"k^^"**7-4*7+
39B49C	"k^^"**5-4*
39B49D	"k^^"**7-4*9+
39B49E	"i}|z"**\-2*
39B49F	"ra&"**5-9*
39B4A0	"k^^"**4-4*
39B4A1	"k^^"**6-4*9+
39B4A2	"ra9"**7-6*
39B4A3	")|z2"**\-5*
39B4A4	"k^^"**3-4*
39B4A5	"yxgf"**\-3*
39B4A6	"e}|z"**\-2*
39B4A7	"y_/"**8-7*
39B4A8	"nZ~A"+**2*
39B4A9	"k^^"**4*7-
39B4AA	"k^^"**4*6-
39B4AB	"k^^"**4*5-
39B4AC	"k^^"**1-4*
39B4AD	"k^^"**4*3-
39B4AE	"~vmb"**+3*
39B4AF	"k^^"**4*1-
39B4B0	"k^^"**4*
39B4B1	"QO~G"+**3*
39B4B2	"k^^"**4*2+
39B4B3	"k^^"**4*3+
39B4B4	"rra"**8-3*
39B4B5	"y_/"**6-7*
39B4B6	"k^^"**4*6+
39B4B7	"GC5-"***3/
39B4B8	"k^^"**2+4*
39B4B9	"k^^"**4*9+
39B4BA	"~xhe"**+3*
39B4BB	"k^^"**4*2+9+
39B4BC	"wF~e"+**2*
39B4BD	"rra"**5-3*
39B4BE	"Y}|z"**\-2*
39B4BF	"k^^"**4*6+9+
39B4C0	"rra"**4-3*
39B4C1	"#|z2"**\-5*
39B4C2	"W}|z"**\-2*
39B4C3	"rra"**3-3*
39B4C4	"k^^"**5+4*
39B4C5	"rra"**3*7-
39B4C6	"rra"**2-3*
39B4C7	"rra"**3*5-
39B4C8	"k^^"**6+4*
39B4C9	"rra"**1-3*
39B4CA	"y_/"**3-7*
39B4CB	"rra"**3*1-
39B4CC	"rra"**3*
39B4CD	"rra"**3*1+
39B4CE	"rra"**3*2+
39B4CF	"rra"**1+3*
39B4D0	"k^^"**8+4*
39B4D1	"y_/"**2-7*
39B4D2	"rra"**2+3*
39B4D3	"rra"**3*7+
39B4D4	"e\,%"***4/
39B4D5	"rra"**3+3*
39B4D6	"y_/"**7*9-
39B4D7	"y_/"**7*8-
39B4D8	"rra"**4+3*
39B4D9	"y_/"**7*6-
39B4DA	"~WE"**8-5*
39B4DB	"rra"**5+3*
39B4DC	"y_/"**7*3-
39B4DD	"y_/"**7*2-
39B4DE	"rra"**6+3*
39B4DF	"y_/"**7*
39B4E0	"k^/"**6+8*
39B4E1	"rra"**7+3*
39B4E2	"y_/"**7*3+
39B4E3	"y_/"**7*4+
39B4E4	"rra"**8+3*
39B4E5	"y_/"**7*6+
39B4E6	"y_/"**1+7*
39B4E7	"rra"**9+3*
39B4E8	"k^/"**7+8*
39B4E9	"~WE"**5-5*
39B4EA	"~sW"**8-3*
39B4EB	"}~y~{"+*+*8-
39B4EC	"B}|z"**\-2*
39B4ED	"~sW"**7-3*
39B4EE	"~WE"**4-5*
39B4EF	"}~y~{"+*+*4-
39B4F0	"~sW"**6-3*
39B4F1	"}~y~{"+*+*2-
39B4F2	"?}|z"**\-2*
39B4F3	"}~y~{"+*+*
39B4F4	"y_/"**3+7*
39B4F5	"}~y~{"+*+*2+
39B4F6	"z~{~}"+*+*
39B4F7	"XOD"**8*9-
39B4F8	"~}y2"**+5*
39B4F9	"{o~v!"++**
39B4FA	"XOD"**8*6-
39B4FB	"y_/"**4+7*
39B4FC	"~sW"**2-3*
39B4FD	"~WE"**1-5*
39B4FE	"XOD"**8*2-
39B4FF	"~sW"**1-3*
39B500	"XOD"**8*
39B501	"XOD"**8*1+
39B502	"~sW"**3*
39B503	"XOD"**8*3+
39B504	"XOD"**8*4+
39B505	"~sW"**1+3*
39B506	"XOD"**8*6+
39B507	"~WE"**1+5*
39B508	"~sW"**2+3*
39B509	"y_/"**6+7*
39B50A	"~sW"**3*8+
39B50B	"~sW"**3+3*
39B50C	"~WE"**2+5*
39B50D	"sC1$ "***\-
39B50E	"~sW"**4+3*
39B50F	"qC1$ "***\-
39B510	"y_/"**7+7*
39B511	"~sW"**5+3*
39B512	"/}|z"**\-2*
39B513	"mC1$ "***\-
39B514	"~sW"**6+3*
39B515	"kC1$ "***\-
39B516	"~WE"**4+5*
39B517	"~sW"**7+3*
39B518	"XOD"**3+8*
39B519	"gC1$ "***\-
39B51A	"~sW"**8+3*
39B51B	"~WE"**5+5*
39B51C	"*}|z"**\-2*
39B51D	"~sW"**9+3*
39B51E	"b%t!"+**7*
39B51F	"aC1$ "***\-
39B520	"~WE"**6+5*
39B521	"_C1$ "***\-
39B522	"'}|z"**\-2*
39B523	"~sqa"**+3*
39B524	"&}|z"**\-2*
39B525	"~WE"**7+5*
39B526	"sW?"**6+6*
39B527	"YC1$ "***\-
39B528	"XOD"**5+8*
39B529	"Mxgf"**\-3*
39B52A	"~WE"**8+5*
39B52B	"UC1$ "***\-
39B52C	"M~|A"*+*6*
39B52D	"SC1$ "***\-
39B52E	"!}|z"**\-2*
39B52F	"~WE"**9+5*
39B530	"\V~q"+**2*
39B531	"OC1$ "***\-
39B532	"sW?"**8+6*
39B533	"sW6"**7+7*
39B534	"7lgU"**\-4*
39B535	"Ixgf"**\-3*
39B536	"JC1$ "***\-
39B537	"IC1$ "***\-
39B538	"sW?"**9+6*
39B539	"+lgD"**\-5*
39B53A	"sW6"**8+7*
39B53B	"Gxgf"**\-3*
39B53C	"5lgU"**\-4*
39B53D	"CC1$ "***\-
39B53E	"_~|j"*+*3*
39B53F	"AC1$ "***\-
39B540	"XOD"**8+8*
39B541	"sW6"**9+7*
39B542	">C1$ "***\-
39B543	"|z2"**9-5*
39B544	"Dxgf"**\-3*
39B545	";C1$ "***\-
39B546	":C1$ "***\-
39B547	"Cxgf"**\-3*
39B548	"|z2"**8-5*
39B549	"7C1$ "***\-
39B54A	"pTC"**9-6*
39B54B	"5C1$ "***\-
39B54C	"}|="**9-4*
39B54D	"|z2"**7-5*
39B54E	"2C1$ "***\-
39B54F	"~C@"**7-7*
39B550	"}|="**8-4*
39B551	"/C1$ "***\-
39B552	"|z2"**6-5*
39B553	"pC8"**5-9*
39B554	"}|="**7-4*
39B555	"+C1$ "***\-
39B556	"pTC"**7-6*
39B557	"|z2"**5-5*
39B558	"y~|>"*+*4*
39B559	"=xgf"**\-3*
39B55A	"&C1$ "***\-
39B55B	"%C1$ "***\-
39B55C	"}|="**5-4*
39B55D	"~C@"**5-7*
39B55E	"}|z"**9-2*
39B55F	";xgf"**\-3*
39B560	"}|z"**8-2*
39B561	"|z2"**3-5*
39B562	"}|z"**7-2*
39B563	"M:4&!"***\-
39B564	"}|z"**6-2*
39B565	"pC8"**3-9*
39B566	"}|z"**5-2*
39B567	"}|~v"+**9-
39B568	"}|~v"+**8-
39B569	"}|~v"+**7-
39B56A	"}|~v"+**6-
39B56B	"}|~v"+**5-
39B56C	"}|~v"+**4-
39B56D	"}|~v"+**3-
39B56E	"}|~v"+**2-
39B56F	"}|~v"+**1-
39B570	"}|~v"+**
39B571	"}|~v"+**1+
39B572	"}|~v"+**2+
39B573	"}|~v"+**3+
39B574	"{~z~}"+*+*
39B575	"}|~v"+**5+
39B576	"}|~v"+**6+
39B577	"}|~v"+**7+
39B578	"}|~v"+**8+
39B579	"}|~v"+**9+
39B57A	"}|z"**5+2*
39B57B	"~pC"**4*5-
39B57C	"}|z"**6+2*
39B57D	"~pC"**4*3-
39B57E	"}|z"**7+2*
39B57F	"|z2"**3+5*
39B580	"~pC"**4*
39B581	"~pC"**4*1+
39B582	"}|z"**9+2*
39B583	"~pC"**4*3+
39B584	"}|="**5+4*
39B585	"~pC"**4*5+
39B586	"~pC"**4*6+
39B587	"~C@"**1+7*
39B588	"}|="**6+4*
39B589	"|z2"**5+5*
39B58A	"&:4&!"***\-
39B58B	"%:4&!"***\-
39B58C	"\G~C"+**3*
39B58D	"#:4&!"***\-
39B58E	"|z2"**6+5*
39B58F	"!:4&!"***\-
39B590	"}|="**8+4*
39B591	"YC;+"***1+4/
39B592	"pTC"**3+6*
39B593	"|z2"**7+5*
39B594	"}|="**9+4*
39B595	"~C@"**3+7*
39B596	"eOO"**6*8-
39B597	"eOO"**6*7-
39B598	"~pC"**6+4*
39B599	"eOO"**6*5-
39B59A	"eOO"**6*4-
39B59B	"pC8"**3+9*
39B59C	"~pC"**7+4*
39B59D	"|z2"**9+5*
39B59E	"eOO"**6*
39B59F	"eOO"**6*1+
39B5A0	"~pC"**8+4*
39B5A1	"eOO"**6*3+
39B5A2	"eOO"**6*4+
39B5A3	"~C@"**5+7*
39B5A4	"~pC"**9+4*
39B5A5	"eOO"**6*7+
39B5A6	"eOO"**6*8+
39B5A7	":4&!"***9-
39B5A8	"}>="**7+8*
39B5A9	":4&!"***7-
39B5AA	"pTC"**7+6*
39B5AB	":4&!"***5-
39B5AC	":4&!"***4-
39B5AD	"SS="**9*
39B5AE	":4&!"***2-
39B5AF	":4&!"***1-
39B5B0	":4&!"***
39B5B1	"~C@"**7+7*
39B5B2	":4&!"***2+
39B5B3	":4&!"***3+
39B5B4	":4&!"***4+
39B5B5	":4&!"***5+
39B5B6	"~ue@"**+5*
39B5B7	":4&!"***7+
39B5B8	"~C@"**8+7*
39B5B9	":4&!"***9+
39B5BA	":C1$ "***+
39B5BB	";C1$ "***+
39B5BC	"eOO"**5+6*
39B5BD	"=C1$ "***+
39B5BE	">C1$ "***+
39B5BF	"~C@"**9+7*
39B5C0	"jP~a"+**2*
39B5C1	"AC1$ "***+
39B5C2	"m~nh"*+*3*
39B5C3	"CC1$ "***+
39B5C4	"DC1$ "***+
39B5C5	"EC1$ "***+
39B5C6	"FC1$ "***+
39B5C7	"GC1$ "***+
39B5C8	"eOO"**7+6*
39B5C9	"IC1$ "***+
39B5CA	"^~YY"*+*5*
39B5CB	"KC1$ "***+
39B5CC	"LC1$ "***+
39B5CD	"MC1$ "***+
39B5CE	"eOO"**8+6*
39B5CF	"OC1$ "***+
39B5D0	"YS@"**6-8*
39B5D1	"yEv!"+**3*
39B5D2	"RC1$ "***+
39B5D3	"#:4&!"***+
39B5D4	"eOO"**9+6*
39B5D5	"%:4&!"***+
39B5D6	"&:4&!"***+
39B5D7	"':4&!"***+
39B5D8	"YS@"**5-8*
39B5D9	"):4&!"***+
39B5DA	"xg3"**9-6*
39B5DB	"+:4&!"***+
39B5DC	",:4&!"***+
39B5DD	"-:4&!"***+
39B5DE	".:4&!"***+
39B5DF	"/:4&!"***+
39B5E0	"xg3"**8-6*
39B5E1	"1:4&!"***+
39B5E2	"~p[5"**+7*
39B5E3	"lgD"**9-5*
39B5E4	"4:4&!"***+
39B5E5	"5:4&!"***+
39B5E6	"xg3"**7-6*
39B5E7	"7:4&!"***+
39B5E8	"s~\X"*+*4*
39B5E9	"9:4&!"***+
39B5EA	"z~}~y"+*+*
39B5EB	";:4&!"***+
39B5EC	"|~}~u"+*+*
39B5ED	"lgD"**7-5*
39B5EE	"~}|~v"+**+
39B5EF	"{a~~A"++**
39B5F0	"lgU"**8-4*
39B5F1	"y2-))"***\-
39B5F2	"nI|!"+**3*
39B5F3	"w2-))"***\-
39B5F4	"lgU"**7-4*
39B5F5	"xgf"**9-3*
39B5F6	"t2-))"***\-
39B5F7	"lgD"**5-5*
39B5F8	"xgf"**8-3*
39B5F9	"YS@"**8*7-
39B5FA	"YS@"**8*6-
39B5FB	"xgf"**7-3*
39B5FC	"lgU"**5-4*
39B5FD	"YS@"**8*3-
39B5FE	"xgf"**6-3*
39B5FF	"YS@"**8*1-
39B600	"YS@"**8*
39B601	"xgf"**5-3*
39B602	"YS@"**8*2+
39B603	"YS@"**8*3+
39B604	"xgf"**4-3*
39B605	"YS@"**8*5+
39B606	"lgD"**2-5*
39B607	"xgf"**3-3*
39B608	"lgU"**2-4*
39B609	"YS@"**8*9+
39B60A	"xgf"**2-3*
39B60B	"lgD"**1-5*
39B60C	"lgU"**1-4*
39B60D	"xgf"**1-3*
39B60E	"xgf"**3*2-
39B60F	"xgf"**3*1-
39B610	"xgf"**3*
39B611	"xgf"**3*1+
39B612	"xgf"**3*2+
39B613	"xgf"**1+3*
39B614	"lgU"**1+4*
39B615	"lgD"**1+5*
39B616	"xgf"**2+3*
39B617	"xgf"**3*7+
39B618	"lgU"**2+4*
39B619	"xgf"**3+3*
39B61A	"G~p^"*+*5*
39B61B	"O2-))"***\-
39B61C	"xgf"**4+3*
39B61D	"M2-))"***\-
39B61E	"L2-))"***\-
39B61F	"xgf"**5+3*
39B620	"lgU"**4+4*
39B621	"I2-))"***\-
39B622	"xgf"**6+3*
39B623	"G2-))"***\-
39B624	"lgU"**5+4*
39B625	"xgf"**7+3*
39B626	"[}|z"**+2*
39B627	"C2-))"***\-
39B628	"xgf"**8+3*
39B629	"lgD"**5+5*
39B62A	"@2-))"***\-
39B62B	"xgf"**9+3*
39B62C	"lgU"**7+4*
39B62D	"=2-))"***\-
39B62E	"lgD"**6+5*
39B62F	";2-))"***\-
39B630	"lgU"**8+4*
39B631	"92-))"***\-
39B632	"a}|z"**+2*
39B633	"lgD"**7+5*
39B634	"lgU"**9+4*
39B635	"52-))"***\-
39B636	"c}|z"**+2*
39B637	"32-))"***\-
39B638	"lgD"**8+5*
39B639	"12-))"***\-
39B63A	"xg3"**7+6*
39B63B	"/2-))"***\-
39B63C	"f}|z"**+2*
39B63D	"i~mm"*+*3*
39B63E	"g}|z"**+2*
39B63F	"+2-))"***\-
39B640	"xg3"**8+6*
39B641	")2-))"***\-
39B642	"{{2"**8-5*
39B643	"'2-))"***\-
39B644	"j}|z"**+2*
39B645	"%2-))"***\-
39B646	"o~u`"*+*3*
39B647	"{{2"**7-5*
39B648	"YS@"**9+8*
39B649	"!2-))"***\-
39B64A	"m}|z"**+2*
39B64B	"!ke2"**\-7*
39B64C	"{{2"**6-5*
39B64D	"o~u`"*+*3*7+
39B64E	"o}|z"**+2*
39B64F	"}{R"**9-3*
39B650	"gf-"**8+8*
39B651	"{{2"**5-5*
39B652	"}{R"**8-3*
39B653	"{{2"**6-5*7+
39B654	"r}|z"**+2*
39B655	"}{R"**7-3*
39B656	"{{2"**4-5*
39B657	"pn~~7"++**9-
39B658	"}{{"**9-2*
39B659	")xO9"**\-7*
39B65A	"}{{"**8-2*
39B65B	"}{R"**5-3*
39B65C	"}{{"**7-2*
39B65D	"pn~~7"++**3-
39B65E	"}{{"**6-2*
39B65F	"pn~~7"++**1-
39B660	"pn~~7"++**
39B661	"}{~x"+**9-
39B662	"}{~x"+**8-
39B663	"}{~x"+**7-
39B664	"z~|~{"+*+*
39B665	"}{~x"+**5-
39B666	"}{~x"+**4-
39B667	"}{~x"+**3-
39B668	"|e~~2"++**
39B669	"}{~x"+**1-
39B66A	"}{~x"+**
39B66B	"}{~x"+**1+
39B66C	"}{~x"+**2+
39B66D	"}{~x"+**3+
39B66E	"}{~x"+**4+
39B66F	"}{~x"+**5+
39B670	"}{~x"+**6+
39B671	"}{~x"+**7+
39B672	"}{~x"+**8+
39B673	"}{~x"+**9+
39B674	"}{{"**5+2*
39B675	"iS>"**7-7*
39B676	"}{{"**6+2*
39B677	"}{~x"+**4+9+
39B678	"}{{"**7+2*
39B679	"}{R"**5+3*
39B67A	"}{{"**8+2*
39B67B	"}{~x"+**8+9+
39B67C	"~~{y"*+*2*
39B67D	"}{{"**5+2*9+
39B67E	"{{2"**4+5*
39B67F	"}{R"**7+3*
39B680	"h~U4"*+*8*
39B681	"}{{"**7+2*9+
39B682	"}{R"**8+3*
39B683	"{{2"**5+5*
39B684	"n||{"**\-2*
39B685	"}{R"**9+3*
39B686	"m||{"**\-2*
39B687	"{{2"**4+5*9+
39B688	"V~fU"*+*5*
39B689	"h~U4"*+*8*9+
39B68A	"~dJI"**+7*
39B68B	"!2-))"***+
39B68C	"j||{"**\-2*
39B68D	"{{2"**7+5*
39B68E	"}{)"**6+6*
39B68F	"%2-))"***+
39B690	"&2-))"***+
39B691	"iS>"**3-7*
39B692	"{{2"**8+5*
39B693	")2-))"***+
39B694	"rj~~="++**
39B695	"+2-))"***+
39B696	",2-))"***+
39B697	"{{2"**9+5*
39B698	"wt~s!"++**
39B699	"/2-))"***+
39B69A	"}{)"**8+6*
39B69B	"12-))"***+
39B69C	"md~~_"++**
39B69D	"32-))"***+
39B69E	"42-))"***+
39B69F	"iS>"**1-7*
39B6A0	"\~l^"*+*4*
39B6A1	"b]S"**1-5*
39B6A2	"82-))"***+
39B6A3	"92-))"***+
39B6A4	":2-))"***+
39B6A5	";2-))"***+
39B6A6	"b]S"**5*
39B6A7	"=2-))"***+
39B6A8	">2-))"***+
39B6A9	"}R)"**7+9*
39B6AA	"@2-))"***+
39B6AB	"b]S"**1+5*
39B6AC	"B2-))"***+
39B6AD	"iS>"**1+7*
39B6AE	"D2-))"***+
39B6AF	"E2-))"***+
39B6B0	"b]S"**2+5*
39B6B1	"G2-))"***+
39B6B2	"Y~xu"*+*3*
39B6B3	"I2-))"***+
39B6B4	"iS>"**2+7*
39B6B5	"W2/%"***2/
39B6B6	"L2-))"***+
39B6B7	"M2-))"***+
39B6B8	"N2-))"***+
39B6B9	"O2-))"***+
39B6BA	"b]S"**4+5*
39B6BB	"iS>"**3+7*
39B6BC	"R2-))"***+
39B6BD	"S2-))"***+
39B6BE	"T2-))"***+
39B6BF	"b]S"**5+5*
39B6C0	"V2-))"***+
39B6C1	"W2-))"***+
39B6C2	"iS>"**4+7*
39B6C3	"Y2-))"***+
39B6C4	"b]S"**6+5*
39B6C5	"[2-))"***+
39B6C6	"\2-))"***+
39B6C7	"]2-))"***+
39B6C8	"^2-))"***+
39B6C9	"b]S"**7+5*
39B6CA	"`2-))"***+
39B6CB	"a2-))"***+
39B6CC	"b2-))"***+
39B6CD	"eI9"**9*
39B6CE	"ss~}#"++**
39B6CF	"e2-))"***+
39B6D0	"iS>"**6+7*
39B6D1	"g2-))"***+
39B6D2	"h2-))"***+
39B6D3	"b]S"**9+5*
39B6D4	"j2-))"***+
39B6D5	"k2-))"***+
39B6D6	"eI9"**1+9*
39B6D7	"iS>"**7+7*
39B6D8	"n2-))"***+
39B6D9	"o2-))"***+
39B6DA	"p2-))"***+
39B6DB	"q2-))"***+
39B6DC	"aaC"**9-6*
39B6DD	"s2-))"***+
39B6DE	"zg+"**7*
39B6DF	"eI9"**2+9*
39B6E0	"L~s5"*+*8*
39B6E1	"w2-))"***+
39B6E2	"aaC"**8-6*
39B6E3	"y2-))"***+
39B6E4	"|;/!"***3/
39B6E5	"{~}~w"+*+*
39B6E6	"|2-))"***+
39B6E7	"}2-))"***+
39B6E8	"u~uD"*+*4*
39B6E9	"{~}~w"+*+*4+
39B6EA	";||{"**\-2*
39B6EB	"'||R"**\-3*
39B6EC	"zg+"**2+7*
39B6ED	"{~}~w"+*+*8+
39B6EE	"aaC"**6-6*
39B6EF	"|2-))"***+9+
39B6F0	"8||{"**\-2*
39B6F1	"eI9"**4+9*
39B6F2	"7||{"**\-2*
39B6F3	"zg+"**3+7*
39B6F4	"aaC"**5-6*
39B6F5	"zg+"**2+7*9+
39B6F6	"5||{"**\-2*
39B6F7	"#||R"**\-3*
39B6F8	"4||{"**\-2*
39B6F9	"eI9"**4+9*8+
39B6FA	"aaC"**4-6*
39B6FB	"}O&$#"***\-
39B6FC	"|O&$#"***\-
39B6FD	"{O&$#"***\-
39B6FE	"zO&$#"***\-
39B6FF	"yO&$#"***\-
39B700	"xP~G"+**2*
39B701	"zg+"**5+7*
39B702	"vO&$#"***\-
39B703	"]~yo"*+*3*
39B704	"tO&$#"***\-
39B705	"keF"**9-5*
39B706	"aaC"**2-6*
39B707	"qO&$#"***\-
39B708	"b~kY"*+*4*
39B709	"aaC"**6*9-
39B70A	"keF"**8-5*
39B70B	"aaC"**6*7-
39B70C	"W~YP"*+*6*
39B70D	"aaC"**6*5-
39B70E	"aaC"**6*4-
39B70F	"wA~%"+**3*
39B710	"aaC"**6*2-
39B711	"aaC"**6*1-
39B712	"aaC"**6*
39B713	"aaC"**6*1+
39B714	"keF"**6-5*
39B715	"eI9"**8+9*
39B716	"I~kD"*+*7*
39B717	"aaC"**6*5+
39B718	"aaC"**1+6*
39B719	"keF"**5-5*
39B71A	"aaC"**6*8+
39B71B	"aaC"**6*9+
39B71C	"Y}{{"**+2*
39B71D	"zg+"**9+7*
39B71E	"keF"**4-5*
39B71F	"YO&$#"***\-
39B720	"|])"**8-8*
39B721	"=}{R"**+3*
39B722	"\}{{"**+2*
39B723	"keF"**3-5*
39B724	"o~mM"*+*4*
39B725	"SO&$#"***\-
39B726	"^}{{"**+2*
39B727	"_O8"**9-9*
39B728	"keF"**2-5*
39B729	"keF"**5*9-
39B72A	"aaC"**4+6*
39B72B	"ke2"**1-7*
39B72C	"keF"**5*6-
39B72D	"keF"**1-5*
39B72E	"keF"**5*4-
39B72F	"keF"**5*3-
39B730	"aaC"**5+6*
39B731	"keF"**5*1-
39B732	"keF"**5*
39B733	"keF"**5*1+
39B734	"keF"**5*2+
39B735	"keF"**5*3+
39B736	"aaC"**6+6*
39B737	"keF"**1+5*
39B738	"|])"**5-8*
39B739	"Q~w7"*+*7*
39B73A	"keF"**5*8+
39B73B	"keF"**5*9+
39B73C	"|{>"**9-4*
39B73D	";O&$#"***\-
39B73E	"j}{{"**+2*
39B73F	"G}{R"**+3*
39B740	"|{>"**8-4*
39B741	"keF"**3+5*
39B742	"aaC"**8+6*
39B743	"5O&$#"***\-
39B744	"|{>"**7-4*
39B745	"||R"**9-3*
39B746	"keF"**4+5*
39B747	"ke2"**3+7*
39B748	"||R"**8-3*
39B749	"/O&$#"***\-
39B74A	"p}{{"**+2*
39B74B	"||R"**7-3*
39B74C	"|{>"**5-4*
39B74D	"+O&$#"***\-
39B74E	"||{"**9-2*
39B74F	")O&$#"***\-
39B750	"||{"**8-2*
39B751	"||R"**5-3*
39B752	"||{"**7-2*
39B753	"%O&$#"***\-
39B754	"||{"**6-2*
39B755	"keF"**7+5*
39B756	"||{"**5-2*
39B757	"||~x"+**9-
39B758	"z\~~U"++**
39B759	"||~x"+**7-
39B75A	"||~x"+**6-
39B75B	"||~x"+**5-
39B75C	"||~x"+**4-
39B75D	"||~x"+**3-
39B75E	"||~x"+**2-
39B75F	"||~x"+**1-
39B760	"||~x"+**
39B761	"||~x"+**1+
39B762	"||~x"+**2+
39B763	"||~x"+**3+
39B764	"}YU"**4*
39B765	"||~x"+**5+
39B766	"||~x"+**6+
39B767	"||~x"+**7+
39B768	"||~x"+**8+
39B769	"||~x"+**9+
39B76A	"||{"**5+2*
39B76B	"}YU"**4*7+
39B76C	"||{"**6+2*
39B76D	"}YU"**4*9+
39B76E	"||{"**7+2*
39B76F	"||R"**5+3*
39B770	"||{"**8+2*
39B771	"ke2"**9+7*
39B772	"||{"**9+2*
39B773	"}YD"**3+5*
39B774	"|{>"**5+4*
39B775	"||R"**7+3*
39B776	"O&$#"***2-
39B777	"O&$#"***1-
39B778	"~_O"**4*
39B779	"O&$#"***1+
39B77A	"O&$#"***2+
39B77B	"||R"**9+3*
39B77C	"|{>"**7+4*
39B77D	"}YD"**5+5*
39B77E	"||)"**5+6*
39B77F	"xO9"**1+7*
39B780	"|{>"**8+4*
39B781	"_O8"**1+9*
39B782	"}YD"**6+5*
39B783	"O&$#"***2+9+
39B784	"|{>"**9+4*
39B785	"|{>"**7+4*9+
39B786	"xO9"**2+7*
39B787	"}YD"**7+5*
39B788	"}YU"**9+4*
39B789	"|{>"**8+4*9+
39B78A	"VQ~7"+**3*
39B78B	"oo~~7"++**8-
39B78C	"~_O"**5+4*
39B78D	"xO9"**3+7*
39B78E	"oo~~7"++**5-
39B78F	"oo~~7"++**4-
39B790	"~_O"**6+4*
39B791	"}YD"**9+5*
39B792	"oo~~7"++**1-
39B793	"oo~~7"++**
39B794	"~_O"**7+4*
39B795	"oo~~7"++**2+
39B796	"~OL"**6+5*
39B797	"oo~~7"++**4+
39B798	"~_O"**8+4*
39B799	"!O&$#"***+
39B79A	"oo~~7"++**7+
39B79B	"~OL"**7+5*
39B79C	"~_O"**9+4*
39B79D	"%O&$#"***+
39B79E	"&O&$#"***+
39B79F	"'O&$#"***+
39B7A0	"~OL"**8+5*
39B7A1	")O&$#"***+
39B7A2	"rOF"**7+6*
39B7A3	"+O&$#"***+
39B7A4	",O&$#"***+
39B7A5	"~OL"**9+5*
39B7A6	".O&$#"***+
39B7A7	"/O&$#"***+
39B7A8	"$||{"**+2*
39B7A9	"xO9"**7+7*
39B7AA	"zu5"**8-5*
39B7AB	"3O&$#"***+
39B7AC	"4O&$#"***+
39B7AD	"5O&$#"***+
39B7AE	"rOF"**9+6*
39B7AF	"zu5"**7-5*
39B7B0	"xO9"**8+7*
39B7B1	"9O&$#"***+
39B7B2	":O&$#"***+
39B7B3	";O&$#"***+
39B7B4	"zu5"**6-5*
39B7B5	"=O&$#"***+
39B7B6	">O&$#"***+
39B7B7	"~kc3"**+7*
39B7B8	"iO9"**8+8*
39B7B9	"zu5"**5-5*
39B7BA	"BO&$#"***+
39B7BB	"CO&$#"***+
39B7BC	"DO&$#"***+
39B7BD	"EO&$#"***+
39B7BE	"zu5"**4-5*
39B7BF	"GO&$#"***+
39B7C0	"lX~I"+**2*
39B7C1	"IO&$#"***+
39B7C2	"JO&$#"***+
39B7C3	"zu5"**3-5*
39B7C4	"LO&$#"***+
39B7C5	"MO&$#"***+
39B7C6	"NO&$#"***+
39B7C7	"OO&$#"***+
39B7C8	"zu5"**2-5*
39B7C9	"_O8"**9+9*
39B7CA	"RO&$#"***+
39B7CB	"SO&$#"***+
39B7CC	"b~w5"*+*6*
39B7CD	"zu5"**1-5*
39B7CE	"VO&$#"***+
39B7CF	"WO&$#"***+
39B7D0	"v~tD"*+*4*
39B7D1	"YO&$#"***+
39B7D2	"zu5"**5*
39B7D3	"[O&$#"***+
39B7D4	"\O&$#"***+
39B7D5	"]O&$#"***+
39B7D6	"^O&$#"***+
39B7D7	"zu5"**1+5*
39B7D8	"`O&$#"***+
39B7D9	"aO&$#"***+
39B7DA	"bO&$#"***+
39B7DB	"{C3"**9*
39B7DC	"zu5"**2+5*
39B7DD	"eO&$#"***+
39B7DE	"~||~x"+**+
39B7DF	"gO&$#"***+
39B7E0	"V~OD"*+*8*
39B7E1	"{C3"**9*6+
39B7E2	"jO&$#"***+
39B7E3	"kO&$#"***+
39B7E4	"~}{R"**+3*
39B7E5	"mO&$#"***+
39B7E6	"~|z2"**+5*
39B7E7	"oO&$#"***+
39B7E8	"pO&$#"***+
39B7E9	"qO&$#"***+
39B7EA	"rO&$#"***+
39B7EB	"zu5"**5+5*
39B7EC	"tO&$#"***+
39B7ED	"zA5"**3+9*
39B7EE	"vO&$#"***+
39B7EF	"yM:"**9-7*
39B7F0	"zu5"**6+5*
39B7F1	"yO&$#"***+
39B7F2	"zO&$#"***+
39B7F3	"{O&$#"***+
39B7F4	"|O&$#"***+
39B7F5	"zu5"**7+5*
39B7F6	"yM:"**8-7*
39B7F7	"vO&$#"***+9+
39B7F8	"L||{"**+2*
39B7F9	"u}ha"**\-3*
39B7FA	"zu5"**8+5*
39B7FB	"zO&$#"***+9+
39B7FC	"N||{"**+2*
39B7FD	"yM:"**7-7*
39B7FE	"O||{"**+2*
39B7FF	"zu5"**9+5*
